153.0685 0
170.056 0
164.656 0
150.3292 0
155.7578 0
161.6906 1
160.9611 0
162.4072 0
161.7095 0
169.0457 0
155.3332 0
183.0655 1
153.2118 0
163.3442 0
160.3859 0
164.5671 0
153.5923 0
161.9154 0
161.8016 0
164.6638 0
165.4467 1
165.0012 1
147.8989 0
167.9939 1
165.6012 1
163.7922 0
164.2875 1
168.685 0
165.1596 0
163.958 1
156.3535 0
158.1294 0
154.0501 0
146.9816 0
166.7089 0
177.94 1
166.35 1
150.2877 0
155.1896 0
169.0442 0
154.6878 0
160.6848 0
175.0568 1
147.6346 0
156.9038 0
166.0579 1
159.5064 0
160.3642 0
157.0949 0
183.4876 1
161.0697 0
167.7642 0
162.931 1
151.3031 0
163.0348 0
158.3699 0
154.4715 0
155.6412 0
159.109 0
164.3321 0
155.9121 0
172.1545 1
153.6827 0
152.0112 0
169.5973 1
158.5901 0
158.9915 0
162.0082 0
155.4835 1
153.0511 0
157.15 0
158.1594 1
172.1219 1
166.4517 1
183.0054 1
165.8861 1
170.4919 1
162.3922 0
155.2178 0
154.1726 0
157.8473 0
163.2059 1
148.7046 0
186.4067 1
160.754 0
195.4285 1
170.6747 1
167.1482 1
146.8906 0
173.3134 1
171.2605 1
159.3773 0
146.2922 0
151.0779 0
174.8051 1
156.2482 1
156.4373 1
176.2691 1
173.5268 1
