173.211 1
158.3681 0
127.2927 0
151.4474 1
169.4676 1
151.7574 0
154.6338 1
174.8703 1
154.0595 1
160.0438 0
168.2034 1
156.0999 1
152.3686 0
168.5107 0
168.3581 0
153.2657 0
154.1798 0
157.2603 0
163.871 0
164.4137 0
154.5984 0
156.2855 0
161.3353 0
162.7084 0
156.7791 0
164.115 0
151.4932 0
163.9179 1
152.2794 0
158.8452 1
160.8193 0
151.5645 0
168.0977 1
174.3256 1
161.1374 0
153.6959 0
155.5675 0
172.6658 1
152.8405 0
147.9635 0
154.4136 0
149.9027 0
155.0538 0
170.0754 1
158.1843 0
172.1471 1
156.9364 0
156.7945 0
164.3219 1
142.1912 1
168.8531 1
159.354 0
170.3549 1
151.169 0
152.0272 0
153.441 0
154.5181 0
152.4031 0
159.6119 1
163.6649 0
161.8929 0
175.9899 1
180.603 1
177.0053 1
150.7956 0
151.7629 0
155.7665 0
174.3845 1
159.9342 0
152.8889 0
160.6043 0
168.7756 1
170.8868 1
179.7699 1
162.4546 0
166.1651 0
152.5812 0
172.8732 1
160.7472 0
165.4839 1
150.6001 0
179.596 1
166.2161 1
151.4967 0
159.3307 1
154.1296 0
162.7554 0
155.6183 0
159.0228 0
172.6969 1
166.678 0
149.6814 0
146.1647 0
165.9754 0
178.1588 1
163.6061 0
157.9902 0
155.1222 1
161.1248 0
157.8614 0
180.7054 1
178.3968 1
168.3019 0
172.1977 1
176.9525 0
164.0671 1
177.8864 1
148.7144 0
172.1203 1
173.2345 1
162.5413 0
150.5873 0
152.8112 0
166.6049 0
159.0795 0
171.9952 1
149.0716 0
159.8626 0
154.4825 0
160.3944 0
167.9163 1
163.9386 0
177.2334 1
158.4968 0
187.4899 1
167.0164 1
152.6057 0
163.8893 1
145.299 0
159.9753 0
157.9481 0
166.9168 0
152.0814 0
165.1712 1
161.967 1
168.5278 0
166.1298 0
158.0734 0
174.2986 1
170.8844 1
175.0383 1
147.2989 0
149.7495 0
165.8487 1
150.7156 0
152.6363 0
162.567 0
152.4723 0
162.4457 1
159.7896 0
155.5138 1
182.6113 1
184.6379 1
171.6585 1
168.5046 0
144.7672 0
161.2162 1
179.8241 1
176.2318 1
155.5003 1
143.0501 0
152.7886 0
163.1381 0
169.9885 1
159.7835 0
174.0455 1
183.7034 1
161.6095 0
141.4692 0
160.8577 0
158.9115 0
150.4777 0
173.0315 1
167.6155 0
164.5379 1
165.0742 0
150.0826 0
165.2318 0
148.2925 0
157.6863 0
164.6447 0
163.2242 0
155.33 0
162.3132 0
166.4271 1
164.1015 0
158.5939 0
164.777 1
158.2998 0
170.3249 1
153.1795 0
160.7874 1
155.5149 0
156.6246 0
149.0368 0
167.5893 1
164.1669 0
145.6871 0
162.2492 0
153.9974 0
161.527 1
154.2001 0
186.5663 1
155.6118 0
174.4274 1
169.8586 1
182.826 1
177.9401 1
152.718 0
167.4166 1
160.6187 1
156.0719 1
156.4649 0
161.1449 0
166.7191 1
168.2825 1
165.0652 1
167.2937 1
164.1712 0
174.0571 1
147.0696 0
152.8302 0
178.654 1
167.5598 1
160.814 1
170.1516 1
158.2183 0
164.8547 1
165.6655 1
153.3706 0
158.2942 0
160.4255 0
164.9147 0
173.8612 1
147.5985 0
162.8503 1
182.3214 1
173.8982 1
171.8578 1
165.6198 0
154.5948 0
170.1579 1
160.1643 1
185.0659 1
158.4769 0
154.338 0
155.2895 0
155.3295 0
172.156 1
179.4178 1
171.5697 1
174.6529 1
158.5723 0
160.0565 1
155.2829 0
153.7587 0
174.7182 1
178.6509 1
164.242 0
183.8712 1
165.9174 1
150.3362 0
155.4578 0
161.062 0
156.6709 0
169.4319 1
149.942 0
155.6533 0
163.4721 0
162.0381 1
160.9946 0
177.9889 1
164.6596 0
172.9764 1
160.7641 0
161.9986 0
166.1245 0
144.5706 0
177.5147 1
170.0193 1
156.0278 0
152.0216 0
169.2398 1
154.7508 1
152.822 0
166.0057 1
148.3616 0
166.2807 1
145.0981 0
176.7238 1
170.0015 1
166.3439 0
153.0326 0
169.1277 1
149.9244 0
161.3186 0
173.5133 1
156.5728 0
155.528 0
177.1573 1
171.7336 1
148.3566 0
151.4651 0
140.1905 0
165.6882 1
150.5195 0
151.15 0
154.4457 0
147.6093 0
159.5119 0
152.4461 0
167.2571 1
160.586 0
151.5532 0
159.6295 0
166.6741 1
163.6133 0
160.5309 0
174.221 1
166.7168 1
151.419 0
166.4415 0
161.9537 0
168.1924 0
168.2917 1
167.1225 1
152.6657 0
147.8468 0
169.1721 1
160.4254 0
166.4558 1
169.8574 1
169.3171 1
167.0476 1
144.3967 0
167.3982 1
168.8849 1
166.4055 1
170.5319 1
168.0257 0
170.7568 1
167.1924 1
166.7574 1
160.8079 0
168.2181 1
160.1324 0
166.6737 1
165.4801 0
152.2321 0
157.8577 0
157.3732 0
155.3666 0
158.3169 0
147.8038 0
178.4288 1
180.5364 1
160.5305 1
170.5987 0
158.5599 0
159.1618 0
157.4043 0
158.5226 0
158.0831 0
147.241 0
154.0271 0
176.3389 1
161.8133 0
163.7312 1
181.4252 1
164.159 1
154.1661 1
164.4224 0
156.4537 0
150.0515 0
171.6761 1
168.981 1
174.3048 1
169.6191 1
157.5507 1
178.0306 1
156.017 0
150.8216 0
157.7398 0
169.5917 1
172.7046 1
158.6465 1
159.1521 0
174.2687 1
179.0595 1
147.0356 0
151.7491 0
163.7949 1
167.2557 0
162.2766 0
163.0349 0
155.3385 0
147.1688 0
148.4175 0
159.6034 0
151.6486 0
170.9218 1
162.976 0
163.2704 1
172.9426 1
158.7508 0
147.5898 0
154.0051 0
170.3804 1
159.6807 0
179.9525 1
154.4555 0
147.5711 0
143.2556 0
154.5121 0
152.9501 0
154.2617 0
164.2523 1
170.8692 1
177.0037 1
165.072 1
183.5253 1
147.7576 0
165.8089 0
182.9445 1
157.496 0
167.2223 1
170.1302 1
156.557 0
156.421 0
156.1923 0
167.4255 0
178.5303 1
160.8111 1
159.0593 0
168.3087 0
176.17 1
167.4748 0
164.8695 0
172.7522 1
160.6233 0
166.4185 0
175.4142 1
171.0905 1
167.5026 0
149.7073 1
168.8617 1
157.0749 0
150.9025 0
160.9632 0
170.2605 1
170.3243 1
158.4402 0
156.2202 0
171.265 1
148.3773 0
154.4941 0
163.1075 0
155.5198 0
174.9141 1
160.9504 0
174.2024 1
150.9623 0
161.3321 0
175.2121 1
171.8482 1
173.957 1
166.8958 1
169.9689 0
165.3072 0
175.8826 1
167.6525 1
156.6062 0
146.1778 0
161.3012 0
168.4149 0
155.5472 0
161.679 0
171.2894 1
151.163 0
153.0565 0
170.3473 0
173.5302 0
159.4117 0
150.7838 0
173.0329 1
150.4025 0
165.1863 1
157.0253 0
160.4562 0
162.6956 0
146.1947 0
154.0237 0
169.1633 0
152.8577 0
166.9256 0
183.6188 1
173.2761 1
158.5137 0
163.5686 1
154.495 0
173.5166 1
167.0671 1
154.6464 0
169.5535 1
174.0035 1
163.7522 0
164.4332 0
166.2657 1
156.5116 0
181.986 1
164.2349 0
160.4415 0
173.3687 1
159.5874 0
180.0946 1
176.8087 1
167.1751 1
159.109 0
163.8884 0
165.8668 1
152.7046 0
148.9541 0
163.7179 1
162.0461 0
165.8085 0
149.5976 0
148.2294 0
165.8583 0
174.3161 1
152.7395 0
168.3531 1
163.5532 0
165.445 1
162.157 1
157.8953 0
169.9359 1
166.447 1
174.5858 1
157.1639 0
154.1264 0
182.7104 1
164.265 1
171.7403 1
157.3736 0
166.3685 0
163.1801 1
158.6461 0
189.5878 1
168.565 1
171.1808 1
161.5735 1
156.2621 0
166.23 1
164.0491 0
155.8916 0
154.0366 0
174.5017 1
160.2212 1
160.731 0
175.3342 1
155.2803 0
163.3975 0
161.9252 0
160.8417 1
167.8632 1
157.7965 0
152.7419 0
166.7243 1
157.7518 0
156.6031 0
163.5713 1
153.9927 0
165.3626 0
160.5596 0
164.6408 1
155.1613 0
168.3705 1
182.8812 1
158.0769 0
150.3052 0
169.9383 0
166.368 0
163.1725 0
166.8874 0
157.6532 0
176.3918 1
161.2643 0
179.8495 1
165.3059 0
153.5277 0
160.4373 1
171.0608 1
189.0298 1
160.3665 0
157.2365 0
156.8137 0
156.2615 0
174.9467 1
159.749 1
155.0783 1
173.9352 1
155.0524 0
165.2156 1
163.9279 1
175.3896 1
185.7556 1
161.4834 0
165.6209 0
166.2261 1
151.6929 0
183.8249 1
148.6803 0
150.2974 0
155.8111 0
151.1219 0
161.6472 0
167.0525 0
175.3773 1
155.6014 0
144.9734 0
160.6096 0
172.5978 1
151.3124 0
167.1268 1
183.633 1
167.5969 0
165.357 0
161.151 0
154.1858 0
159.9719 1
152.4136 0
167.0534 0
169.3883 1
169.0753 1
175.5865 1
160.8169 0
156.3733 1
151.6847 0
160.5995 0
167.6573 1
143.4061 0
171.5095 1
164.3215 0
165.906 0
166.0484 1
149.0803 0
169.327 1
150.6395 0
166.818 1
166.2234 0
171.886 1
152.6434 0
151.0661 0
167.4815 0
160.0398 1
153.1137 0
155.6756 0
155.6661 0
174.984 1
153.9509 0
172.6537 1
164.6158 0
161.5837 1
162.3865 0
156.0131 0
160.5571 0
158.4531 0
161.3056 0
160.4295 0
145.698 0
145.9882 0
161.0132 1
140.164 0
163.3076 0
171.6312 1
163.3943 1
172.743 1
153.7741 1
171.4506 1
149.7504 0
182.6292 1
168.1555 1
152.7856 0
155.8184 0
146.4066 0
164.2036 0
155.3744 0
163.1372 0
160.3377 0
155.649 0
163.2452 0
163.6576 1
169.4529 1
146.0477 0
159.3654 0
156.3078 0
159.8818 0
162.7128 0
151.9996 0
156.5944 0
141.0682 0
151.6758 0
181.6822 1
184.8241 1
172.9954 1
150.8312 0
165.8552 0
180.4818 1
158.7446 1
157.0231 0
145.5567 0
161.06 1
160.0849 0
156.4573 0
169.5318 0
151.1162 0
152.2804 0
146.9725 0
179.2129 1
158.5943 0
164.7235 0
164.1173 0
174.1789 1
159.1387 1
182.1062 1
159.9938 0
159.2126 0
159.9856 0
164.2416 0
155.8901 0
157.5438 0
165.8865 0
159.6067 0
150.2486 0
155.0152 0
174.8757 1
166.398 0
160.525 0
149.1088 0
166.2921 1
173.8486 1
158.2279 0
166.5052 0
156.3698 0
158.3748 0
161.7024 0
160.9923 0
155.6602 0
170.0629 1
165.4246 1
170.9135 1
163.893 0
167.4572 1
165.9061 1
164.7241 0
172.3756 1
181.4109 1
156.1504 0
175.5408 1
157.2426 1
146.2097 0
152.0666 0
155.9296 0
157.6899 0
181.1713 1
152.5349 0
152.6244 0
181.2336 1
168.9373 1
152.7484 0
161.7758 0
147.7935 0
164.381 0
160.1794 0
164.6807 1
161.2716 0
168.8731 0
152.3047 1
161.7695 0
173.1889 1
150.0346 0
155.0878 0
170.9245 1
157.7939 0
152.786 0
162.509 0
158.4872 0
158.0215 0
153.9464 0
165.3662 1
173.9565 1
163.0014 0
167.2043 0
158.6707 0
154.8449 0
173.7934 1
168.9763 1
157.3419 0
170.0422 1
157.1136 0
169.6353 1
172.7666 1
164.4509 1
156.5329 0
183.5228 1
168.1112 1
159.9988 0
162.8483 0
148.6132 0
160.7434 0
160.0431 0
155.8814 0
167.5166 1
167.9981 1
149.528 0
137.7249 0
166.197 1
158.8114 0
169.7287 1
170.4846 0
161.0055 1
149.2618 0
182.3801 1
150.7041 0
155.8614 0
163.4937 1
173.96 1
172.0634 1
170.2977 1
168.3612 1
154.8616 0
165.8111 0
151.1525 0
167.7974 0
151.7423 0
177.4898 1
163.6671 0
153.4797 0
154.4547 0
158.8452 0
151.6574 0
162.2264 0
171.4177 1
158.1271 0
170.6756 0
167.6472 1
175.1488 0
162.0955 0
162.0077 1
173.2637 1
190.1886 1
171.2881 1
146.0546 0
157.6119 0
159.7332 0
159.9451 0
167.9904 0
154.9036 0
155.0877 0
167.999 1
146.1754 0
167.7784 1
156.0857 0
166.1284 0
168.5823 1
166.1003 1
160.9056 0
156.9361 0
140.2468 0
165.9404 1
157.4683 0
184.4381 1
174.9764 1
177.0359 1
140.5919 0
158.2143 0
154.3825 0
159.2819 0
163.2011 1
175.3424 1
157.0817 0
167.9445 0
163.7778 0
182.2718 1
158.8872 0
167.6446 0
153.0995 0
167.038 0
184.6625 1
162.3917 0
163.5683 1
151.5788 0
180.827 1
154.4278 0
157.9597 0
155.361 0
151.6771 0
152.0782 0
146.037 0
156.6522 0
165.0549 0
162.5614 0
152.4598 0
157.1584 0
160.9337 0
165.2 1
167.5504 0
155.2666 0
144.679 0
164.4035 1
164.4237 0
149.0133 0
176.1438 1
157.7356 0
165.3945 1
172.0468 0
173.5181 1
153.7137 0
159.0566 0
161.4493 0
159.6581 0
160.6229 1
170.6814 1
174.0655 1
158.9224 0
150.9009 0
176.4145 1
162.175 0
162.892 0
151.7627 0
179.3672 1
154.9774 0
174.9841 1
166.2668 1
155.1219 0
163.7445 1
154.6907 0
173.7962 1
156.6102 0
175.2436 1
159.7242 0
158.2261 0
154.3917 0
155.7369 1
155.7985 0
162.529 0
158.2458 1
151.3758 0
175.2235 1
179.256 1
161.0098 0
174.8781 1
159.3278 0
156.9536 0
168.584 1
182.8733 1
160.3551 0
161.4831 0
161.1919 0
150.1098 0
167.7257 1
160.1415 1
163.6465 0
171.507 1
159.6757 0
179.422 1
172.0572 1
164.6658 1
168.3326 0
157.6201 0
158.7707 0
160.5522 0
154.3758 0
140.9236 0
160.7847 0
170.9851 1
161.424 1
178.4269 1
159.3867 0
168.0096 1
155.2253 1
155.9319 0
171.2316 0
173.6897 1
156.3952 0
181.3895 1
168.335 0
181.4906 1
153.849 0
173.216 0
185.0146 1
169.8518 1
148.8936 0
166.1122 0
175.5118 1
175.5252 1
166.658 0
175.8438 1
165.827 0
151.8603 0
181.4549 1
151.6383 0
145.7229 0
168.0425 1
167.9955 1
159.6138 0
151.3263 0
157.0858 0
158.1295 0
143.8503 0
173.6826 1
160.4481 0
166.1095 1
160.0621 0
150.0342 0
166.7075 1
162.4754 1
143.7313 0
149.4603 0
173.3576 1
175.0201 1
184.0773 1
158.2826 0
148.3006 0
153.8489 0
163.0558 0
168.5363 1
167.1127 0
173.5059 1
166.1379 0
138.9411 0
162.7759 0
175.5304 1
154.3813 0
166.795 1
179.5591 1
174.8783 1
157.4148 0
159.318 0
180.2145 0
153.6997 0
158.8959 0
152.2809 0
146.6859 0
164.7243 0
170.6667 1
165.0579 0
149.4904 0
162.5882 0
164.7931 0
152.0742 0
163.99 1
142.5441 0
158.7826 0
147.8661 0
147.0784 0
166.1968 1
148.3176 0
169.705 0
163.6057 1
152.5215 0
152.1969 0
172.1219 1
161.1996 0
155.168 0
158.5516 0
164.5931 1
184.0239 1
162.4373 0
159.7395 0
171.4116 1
156.1218 0
154.9464 0
149.1035 0
164.6942 1
176.3502 1
157.5374 0
155.8661 0
148.952 0
152.0202 0
152.7285 0
153.0979 0
172.8551 1
164.3779 1
172.4154 1
157.2977 0
159.6273 0
152.0805 0
153.9747 0
174.5952 1
157.3876 0
158.397 0
160.8057 0
158.4467 0
177.0864 1
157.5473 0
158.3953 0
150.6546 0
176.2758 1
152.6955 0
172.0974 1
152.4638 0
171.511 1
173.3292 1
154.1913 0
171.0638 0
176.1617 1
184.4015 1
157.9372 0
156.3905 1
172.6994 1
163.0861 0
155.0518 0
146.0785 0
176.0861 1
166.6439 0
155.5358 0
157.2964 0
170.9878 1
154.4119 0
181.5537 1
151.9524 0
171.588 1
156.0285 0
169.2039 0
154.9335 0
176.8174 1
181.7424 1
153.9531 0
165.2022 1
154.2766 0
150.2335 0
162.0139 1
147.2233 0
146.2782 0
171.652 1
154.0702 0
153.8343 0
174.8777 1
152.0083 0
150.5909 0
173.5296 1
147.7154 0
159.7262 0
176.647 1
170.2003 1
151.6355 0
163.9311 1
165.8118 0
152.9457 0
153.5377 0
158.079 0
157.344 0
157.2002 0
173.2791 1
149.1094 0
171.3514 1
181.7305 1
154.312 0
152.736 0
156.4984 0
161.3987 0
157.6526 1
158.9425 0
172.4152 0
150.962 0
148.0452 0
164.3015 0
177.0155 1
168.8785 1
158.5855 0
159.5272 1
180.9801 1
171.2291 0
170.8771 1
150.0103 0
149.5979 0
166.1755 0
157.8969 0
160.0545 0
165.0048 1
150.4994 0
168.7124 1
164.723 0
157.6176 0
159.4716 0
171.2967 1
164.8567 0
161.2746 0
150.0202 0
155.201 1
171.3977 0
160.7458 1
152.1068 0
168.9316 0
153.4266 0
158.1409 0
167.3723 1
173.7867 1
156.5014 0
168.1432 0
168.4303 1
160.0021 0
166.07 1
166.142 1
171.2317 0
169.7701 1
162.7995 0
181.946 1
165.9121 0
143.6087 0
165.3596 0
180.1698 1
183.8697 1
174.9323 1
184.1438 1
174.0226 0
156.3398 0
164.2971 1
188.1613 1
171.1826 1
144.8795 0
153.0248 0
175.2626 1
147.402 0
169.7273 1
148.5425 0
162.7749 0
172.2538 1
155.668 0
164.5319 0
154.1128 0
168.1528 1
169.9459 1
155.322 0
167.8309 0
166.0155 1
150.2641 0
174.2475 1
152.0459 0
152.8087 0
175.8305 1
162.6367 0
180.6081 1
168.9767 0
165.2084 0
150.6512 0
155.8396 0
157.0159 0
159.7841 0
158.2937 0
158.9766 0
159.6954 0
164.4863 1
152.7751 0
155.1878 0
169.5571 1
164.7836 1
170.0684 1
154.054 0
169.0059 1
171.5887 1
168.3986 1
167.6535 1
178.8415 1
168.1908 0
172.8086 1
167.9528 0
165.8833 0
174.9614 1
183.973 1
162.8456 0
178.5476 1
166.7259 0
153.4115 0
160.8434 1
159.1502 0
173.9934 1
146.3704 0
150.0799 0
171.5353 1
150.607 0
159.7278 0
152.6542 0
149.4167 0
159.5417 0
159.1401 0
166.2052 1
179.9528 1
174.2566 1
151.7711 0
160.9047 0
164.4563 0
151.4005 0
163.9578 1
151.7912 0
172.3587 1
165.334 0
173.3468 1
167.7637 0
166.1705 1
160.3365 0
181.3203 1
178.4514 1
161.6454 1
177.2668 1
146.9265 0
166.1436 0
160.1228 0
167.7505 0
167.2087 0
157.1577 0
165.1999 0
165.6102 1
165.4006 0
158.7646 0
149.1174 0
179.5212 1
169.9394 1
164.8564 0
168.1994 0
150.8235 0
150.5614 0
164.2751 0
151.7714 0
152.5881 0
162.0215 1
165.2758 0
151.7165 0
159.1927 0
160.8627 0
158.9183 1
164.1555 0
156.5858 0
161.8765 0
151.3758 0
170.0747 1
175.986 1
164.6624 1
175.0816 1
161.9631 0
158.0503 0
167.8285 1
159.307 0
181.7158 1
166.6072 0
160.177 0
168.5965 0
169.4812 1
169.3394 1
180.3187 1
161.5499 0
177.9651 1
163.7685 0
161.966 1
160.9603 0
168.1862 1
152.8827 0
187.0745 1
185.1577 1
166.17 0
155.7569 0
165.7535 0
161.4559 0
178.1595 1
158.4968 0
170.8484 0
177.6734 1
158.205 0
172.109 1
156.7185 0
169.4298 1
173.5479 1
175.5771 1
150.5132 0
165.7535 1
157.953 0
154.9941 0
159.9375 0
165.5526 0
163.3211 0
164.3777 1
158.4573 0
161.7488 0
163.6422 1
166.4395 0
150.8762 0
168.5406 1
176.4117 1
164.076 0
179.9119 1
150.2662 0
174.4371 1
176.6172 1
161.725 0
166.9458 0
172.7151 1
157.2904 0
153.1263 0
164.6469 0
159.1179 0
158.6468 1
150.4892 0
170.905 1
156.1619 0
185.4898 1
156.8535 0
154.8167 0
179.751 1
168.8173 1
161.1028 0
177.1105 0
154.6229 0
158.0692 0
147.2834 1
164.7288 0
145.4064 0
165.9372 0
151.1778 0
170.055 0
123.9641 1
167.4685 0
179.9575 1
166.2261 1
157.7488 0
154.4365 0
146.6778 0
142.8135 0
183.5765 1
159.379 0
155.8156 0
156.4031 0
150.8966 0
173.2994 1
144.0378 0
153.8809 0
167.6292 1
170.3644 1
153.5614 0
155.1805 0
189.448 1
179.3582 1
148.2012 0
179.743 0
165.1087 0
173.9108 1
165.8919 0
153.3046 1
175.8877 1
160.5586 0
147.5628 0
173.7282 1
165.6863 0
157.0053 1
174.6203 1
169.714 1
167.636 1
156.7014 0
156.2844 0
160.5956 0
175.1195 1
166.138 0
189.9195 1
164.791 1
147.2889 0
157.9159 0
166.9101 1
153.1274 0
137.8641 0
165.0066 0
168.9058 1
151.6052 0
156.0647 0
168.9214 0
149.9708 0
167.9197 1
167.2602 1
170.6418 0
175.9972 1
155.1017 0
155.9397 0
175.267 0
169.6901 1
156.9536 0
170.0527 0
150.3306 0
173.7721 1
175.0958 1
147.562 0
157.6087 0
155.7885 0
187.6629 1
172.7473 1
155.63 0
151.0426 0
173.0372 1
175.7335 1
153.3504 0
181.7187 1
170.9187 1
147.0946 0
173.7319 1
164.6997 0
148.8884 0
164.4108 0
163.8567 1
167.7271 1
151.6035 0
172.9976 1
167.462 1
149.092 0
174.9458 1
152.8388 0
171.1603 1
164.8482 1
151.3505 1
153.7068 0
143.8141 0
153.4888 0
176.8487 1
183.2939 1
158.5974 0
163.9853 0
166.5649 1
172.8442 1
163.0674 1
155.9931 0
163.3667 0
159.652 0
159.0774 0
180.4962 1
154.7598 0
163.1422 0
156.2009 0
177.1247 1
161.8298 1
155.6895 0
169.1381 0
178.6641 1
173.3617 1
158.291 0
153.5168 1
172.8159 1
162.3303 1
156.117 0
167.6564 1
185.7646 1
168.1913 1
169.9364 1
173.0562 1
159.7931 0
177.6242 1
155.6397 0
156.0554 0
154.6065 0
157.1861 0
168.632 1
147.0171 0
143.0646 0
169.8771 0
155.3027 0
183.1338 1
151.6675 0
176.9161 1
178.6436 1
178.8287 1
189.9059 1
159.3899 0
170.7534 1
157.8339 0
165.6347 0
168.1513 0
161.6725 1
159.4244 1
161.1166 0
168.2151 1
154.6419 0
151.7662 0
146.2852 0
171.5205 1
172.4689 1
167.7254 1
162.819 0
162.8749 1
155.5318 0
153.1805 0
172.9396 1
161.4136 0
179.1096 1
162.2455 0
152.3458 0
159.0928 0
151.0779 0
152.1854 0
173.3823 1
160.7737 0
160.8397 0
175.3496 1
149.975 0
163.5292 1
176.0911 1
174.8024 1
146.126 0
174.011 1
175.0112 1
167.7844 1
160.4693 0
159.9967 1
169.8451 1
153.3419 0
167.385 0
154.7044 0
146.1623 0
145.5139 0
160.0725 0
176.1966 1
161.3081 0
165.3177 0
171.3783 0
170.2673 0
156.8251 0
157.0003 0
173.7377 1
162.1054 0
173.5261 1
172.1768 1
171.0164 1
175.2383 1
176.2292 1
161.6946 0
161.9449 0
152.9635 0
162.4696 0
165.7321 0
170.8221 0
176 1
151.9249 0
160.3535 0
163.9543 1
150.4787 0
148.6981 0
154.9964 0
155.4906 0
148.4028 0
157.0086 1
165.3477 1
161.9007 1
168.042 0
175.313 1
160.4042 1
148.0925 0
158.3728 0
177.9063 1
155.1275 0
155.8426 0
166.3037 0
170.3281 1
173.805 1
168.1096 1
156.2453 0
167.0888 1
174.5695 1
184.8075 1
169.5792 1
157.856 0
176.0399 0
150.0722 0
176.5501 1
169.6578 1
162.8692 0
157.183 0
150.0184 0
165.9496 1
144.4029 0
168.3149 1
152.8292 0
159.9793 0
153.4663 0
160.2594 1
170.4166 1
151.8904 0
174.607 1
172.5007 1
171.1542 1
154.676 0
159.2326 0
159.4816 0
168.5713 1
188.1696 1
162.5433 1
168.7889 1
161.1319 1
185.6005 1
177.902 1
154.2428 0
173.1829 1
164.3868 0
170.5352 1
171.123 1
161.5952 0
154.8413 0
166.1582 0
165.6991 0
150.2791 0
147.5446 0
155.3843 1
172.1059 1
155.0517 0
167.8541 0
159.5202 0
151.2009 0
148.089 0
181.8894 1
164.0154 1
154.7225 0
162.4757 1
158.7984 1
174.2797 1
164.8337 0
160.2807 0
148.7871 0
173.1959 1
164.0662 0
163.9273 1
160.2648 0
159.291 0
160.9091 0
158.7919 1
163.5107 1
158.2391 0
155.0608 0
158.8206 0
164.7189 0
158.004 1
162.0671 0
176.0637 1
173.1804 1
178.459 1
154.6985 0
166.0765 1
142.865 0
171.1526 1
156.22 0
181.6198 1
163.7911 0
165.0929 0
148.9106 0
163.7113 0
159.3161 0
152.3261 0
155.651 0
167.3811 1
161.0535 1
166.4869 1
168.1008 1
157.5094 1
170.7341 1
169.9489 1
170.2039 1
162.287 1
157.412 0
175.5074 1
184.2788 1
169.1258 1
165.0744 0
161.3657 0
162.3734 0
175.2051 1
176.3569 1
174.4341 1
173.6007 1
137.1591 0
179.082 1
172.5789 1
160.617 0
166.1252 1
154.049 0
161.4951 0
179.2312 1
159.9809 0
177.6142 1
156.6169 0
141.3212 0
166.986 0
173.1218 1
157.5077 0
163.0048 0
171.5857 1
176.3935 1
161.9176 1
166.9436 1
170.1953 1
147.7393 0
158.8405 0
158.7413 0
172.8526 1
176.9875 1
163.499 1
154.6934 0
178.5032 1
170.397 0
150.8183 0
150.5434 0
154.6691 0
159.5804 0
151.1534 0
153.6573 0
159.3723 0
150.6035 0
168.2601 0
156.4462 0
147.4259 0
169.72 1
156.8986 0
153.2863 0
160.4523 0
170.0274 1
162.7439 0
164.5566 0
153.8524 0
173.8354 1
153.4532 0
179.9227 1
171.5569 1
150.2972 0
152.187 0
168.8549 1
159.9934 0
154.0116 0
162.7084 0
168.7363 1
163.5437 0
163.6646 0
170.4552 1
154.6274 0
162.9832 0
154.6579 0
155.9573 0
155.3965 0
170.3635 1
158.1158 0
174.4827 1
172.6633 1
165.1432 0
155.2714 1
181.4555 1
163.7852 1
176.0637 1
158.5814 1
166.7413 0
164.0466 1
154.2277 0
182.5864 1
158.1832 0
160.9617 1
156.0873 0
159.7634 0
148.4098 0
156.2984 1
167.1464 1
168.3516 1
154.5384 1
161.4514 0
147.5184 0
149.9395 0
172.0688 0
167.3712 1
168.1864 0
178.3437 0
169.3749 1
170.093 0
152.9711 0
177.0799 1
176.5881 1
155.168 0
175.9109 1
153.0661 0
150.7406 0
170.5245 1
179.6958 1
162.0121 0
160.3615 0
157.9594 0
160.8795 0
166.1572 1
176.0429 1
168.385 1
160.4066 0
157.561 0
143.0622 0
155.4155 0
160.4994 0
146.3327 0
165.1937 0
164.8479 0
178.453 1
147.5291 0
169.0575 1
153.2822 0
149.3611 0
174.3548 1
171.4265 1
171.4064 1
174.1062 1
175.346 1
172.4365 1
179.2032 1
151.3915 0
176.9315 1
154.2453 1
167.7033 1
145.7593 0
178.4316 1
151.2174 0
163.0558 0
178.5059 1
162.3585 0
161.3521 0
171.0196 1
173.5781 1
183.9732 1
151.207 0
169.5397 1
162.597 1
155.3163 0
158.0648 0
170.8493 1
147.032 0
175.2891 1
161.0603 0
165.1728 1
168.8738 1
165.2044 0
174.8411 0
171.8336 1
172.4523 1
147.7582 0
165.6964 0
146.765 0
176.1056 1
174.642 1
153.6657 0
164.9138 0
173.7028 1
151.7519 0
136.7906 0
152.0162 0
162.6759 0
172.5433 1
172.093 1
164.1725 0
177.0953 1
145.8443 0
158.2598 0
171.979 1
161.2464 0
149.3413 0
163.4242 1
172.8563 1
170.2392 0
159.7813 0
166.0679 1
152.757 0
176.0735 1
152.4166 0
170.8025 1
160.8369 0
158.1759 0
157.3939 0
166.4968 1
170.3546 1
158.3538 0
176.2143 1
167.978 1
152.4828 0
154.2907 0
183.9683 1
153.0979 0
176.0021 1
158.8618 1
158.8187 1
173.924 1
172.9619 1
166.3712 1
151.0736 0
161.6111 0
160.6935 0
160.8879 1
162.3023 0
168.7847 1
153.9181 0
155.5264 0
162.6669 0
170.5192 1
155.3194 0
165.6848 1
172.2826 1
152.6238 0
153.478 0
152.9042 0
168.814 1
168.3529 1
152.9325 0
169.9995 1
165.428 0
174.397 1
160.0091 0
176.0661 1
155.5684 1
180.5108 1
156.4948 0
163.9848 0
175.1093 1
155.6055 0
171.998 1
162.2205 0
154.1906 0
173.3774 1
156.4039 1
158.8767 1
187.9394 1
145.4409 0
171.257 1
167.1187 1
150.6686 0
155.2452 0
152.0096 0
164.127 1
162.0339 0
172.6898 1
162.7813 0
161.3329 0
177.0117 1
176.3152 1
181.5655 1
154.3845 0
159.8221 0
134.544 1
161.9403 0
153.4801 0
185.1307 1
177.268 1
153.6306 0
156.1212 0
168.4494 1
168.0375 0
157.701 0
170.7396 1
146.1994 0
146.6798 0
151.8743 0
171.3022 1
161.0405 0
145.9048 0
175.9083 1
166.8723 0
179.0197 1
147.2508 0
155.412 0
174.7029 1
180.5092 1
172.2679 1
164.9229 0
161.1747 0
171.8306 0
164.5782 1
155.6729 0
161.2678 1
150.0018 0
173.4209 1
156.7799 0
161.9984 0
177.4733 1
158.2948 0
162.5875 0
165.7551 0
166.5528 1
172.4756 0
169.2719 1
155.6811 0
175.2078 1
176.3444 1
169.1337 1
167.2593 0
157.2627 0
176.2366 1
182.0344 1
171.0502 0
171.045 1
164.8958 1
167.0676 1
163.594 1
152.207 0
158.5664 0
151.578 0
170.0807 1
186.5672 1
156.0347 0
152.006 0
173.671 1
145.7372 0
168.7878 0
156.8036 0
162.9562 0
161.5839 1
160.0368 0
171.1137 1
166.2792 0
162.4335 0
168.1556 1
151.3243 0
157.6015 1
171.982 1
171.7055 0
197.3907 1
177.0241 1
176.8555 1
157.3532 0
164.0166 0
177.635 1
162.9484 0
168.9684 1
175.8925 1
164.4836 1
157.5812 0
168.5833 1
151.5056 0
154.9153 0
161.3315 0
163.3021 0
164.2695 1
162.6548 0
155.9549 0
172.6789 0
182.7192 1
159.065 0
165.7793 1
167.2496 0
151.3999 0
161.3625 0
163.0452 0
155.393 0
154.8097 0
153.9599 0
164.2745 0
166.7996 0
151.2413 0
165.7887 0
163.7283 1
159.2555 0
160.8182 0
158.3605 0
160.4272 0
164.1583 1
153.5954 0
155.4948 0
167.3004 1
154.9736 0
174.322 1
157.7035 1
171.8842 1
163.993 1
157.9401 0
155.6264 0
177.5508 1
164.692 0
163.4696 1
166.2185 0
158.005 0
169.5036 1
187.2696 1
162.8724 0
169.3561 1
175.1063 1
168.1275 1
157.0674 0
165.5486 1
165.4129 0
156.0794 0
187.736 1
166.0162 1
169.7793 1
176.4783 1
150.8766 0
144.7105 0
152.858 0
162.9362 0
156.1595 0
157.1674 0
159.5335 0
163.6945 0
157.4163 0
157.1421 0
167.0171 0
160.2012 0
150.2058 0
178.8165 1
151.4786 0
157.6651 0
156.5517 0
173.0767 0
169.8942 0
168.9627 1
151.1771 0
152.3857 0
175.2881 1
146.2247 0
147.8762 0
173.7352 1
182.861 1
148.057 0
149.8746 0
168.3076 0
145.2864 0
168.2198 1
176.2357 0
174.316 1
155.2626 0
155.0745 0
165.5039 1
161.1163 0
160.1313 0
168.022 1
159.2427 0
157.2867 0
159.6262 0
164.4161 0
180.5003 1
157.0186 0
168.183 1
158.478 0
176.223 1
151.2418 0
156.4674 0
170.5513 1
159.2859 0
169.5251 1
170.1607 1
170.2526 1
158.9729 0
166.389 1
159.2528 1
162.9434 1
178.2609 1
152.8817 0
151.2768 0
165.325 0
151.4883 0
164.413 1
161.0237 0
156.3043 0
174.1498 1
148.1625 0
164.8126 1
169.6758 1
170.372 1
179.7815 1
184.6562 1
155.1976 0
162.2632 0
162.6369 1
156.2849 0
165.3536 1
162.9642 0
160.4299 0
166.0471 1
157.07 0
170.8277 1
159.3994 0
156.0325 0
155.9857 0
165.2624 0
177.3189 1
155.9894 0
150.8298 0
153.3835 0
151.8773 0
160.8786 0
155.5377 0
168.1396 1
155.1114 0
156.1499 0
177.4568 1
151.2839 0
165.5733 0
154.8952 0
171.3118 1
172.5993 1
155.078 0
171.4048 1
146.4775 0
154.3513 0
150.8333 0
155.8302 0
173.9839 0
172.2029 1
158.0846 1
164.5686 0
174.6388 1
161.024 0
178.4984 1
186.9971 1
149.6864 0
147.7474 0
176.8007 1
141.9678 0
157.4145 0
158.9941 0
155.1564 0
153.883 0
178.2685 1
160.4069 0
163.1463 1
145.5563 0
149.0999 0
171.8653 1
181.795 1
155.4688 0
184.8039 1
160.1658 0
153.0632 0
174.974 0
152.1797 1
159.6869 0
164.1739 1
174.7648 1
158.6692 0
158.3146 0
153.2277 0
171.5671 1
170.166 1
171.8066 0
172.7246 1
186.1469 1
154.2647 0
155.6168 1
163.7821 1
174.9042 1
165.1092 1
177.7121 1
152.3328 0
151.3803 0
156.1752 0
176.5613 1
140.1837 0
160.3218 0
158.057 0
165.4013 0
168.5937 1
146.3495 0
170.7789 1
174.2056 1
174.2665 1
164.8816 1
147.115 0
170.2614 1
163.776 0
165.211 1
171.377 1
161.5358 0
182.0072 1
161.2631 1
165.4446 0
160.3664 0
173.4746 1
163.8722 0
145.379 0
155.2814 0
152.731 0
183.9666 1
157.4202 0
148.5627 0
160.8123 0
158.5076 1
148.7079 0
175.2017 1
174.162 1
163.7144 0
180.2356 1
168.9264 0
157.3704 0
179.8137 1
153.3656 0
158.5237 0
184.8063 1
168.5533 0
154.9667 0
155.4967 0
158.4888 0
155.5389 0
170.3351 1
152.718 0
167.6163 0
165.873 0
175.1103 1
169.727 1
158.5116 0
165.1459 0
156.8515 0
163.2409 0
185.4789 1
144.8654 0
172.8228 1
160.0454 0
157.6525 0
163.2457 1
160.9046 0
149.17 0
169.8073 1
166.0831 0
167.3626 1
156.589 0
148.3844 0
155.4156 0
165.1362 1
164.7364 0
165.4688 1
155.2732 0
164.09 0
147.9924 0
144.7167 0
155.3252 0
176.6156 1
165.4428 1
162.3228 0
158.6695 0
172.3001 1
166.8482 1
160.6499 1
158.0834 0
157.5431 1
173.2717 0
175.7323 1
156.055 0
167.4173 1
161.5412 0
165.7698 0
167.8893 0
166.9003 0
166.0584 0
137.3643 0
154.8926 0
165.0205 0
167.768 0
159.9264 0
161.3038 0
158.8304 0
159.2693 0
166.0034 1
167.9796 0
162.7252 0
158.6151 0
149.8044 0
152.1555 0
161.4052 0
165.452 1
157.0685 0
162.4553 0
166.9886 0
162.4156 0
160.698 0
161.3449 0
159.4009 0
170.6997 1
161.414 0
170.4643 1
151.4631 0
153.1864 0
165.6655 0
172.0078 1
159.7813 0
152.1651 0
159.596 1
171.7737 1
165.6712 0
167.7332 1
170.9597 0
192.4177 1
167.137 0
158.2049 0
168.6297 1
153.4217 0
161.7114 0
164.8683 1
160.182 0
164.848 1
152.3404 0
152.0392 0
152.6941 0
161.3287 0
169.4924 1
154.432 0
155.1268 0
172.6773 1
172.0816 1
155.1312 0
160.8678 0
151.3548 0
156.7905 0
176.708 1
157.2834 0
146.2846 0
173.1689 1
160.6638 0
164.5559 0
167.843 1
161.5282 0
161.8221 0
180.2515 1
170.2756 1
163.2454 0
177.329 1
155.3752 0
165.775 0
153.457 0
175.4535 1
172.7922 0
158.1247 0
176.3057 1
159.3653 0
161.4052 1
157.9945 0
162.759 1
154.4167 0
162.5565 0
159.008 0
161.8175 0
151.139 0
167.4075 1
162.2913 0
178.576 1
151.0601 0
165.5872 0
151.3266 0
173.1797 1
164.559 0
144.2407 0
155.7687 1
167.3491 0
182.2213 1
169.5201 1
163.8657 0
180.2267 1
178.2259 1
170.3399 0
181.4218 1
165.6581 1
176.9064 1
170.0473 0
157.4428 0
164.4487 0
161.8443 0
157.3978 0
152.9196 0
175.2844 1
164.6901 1
168.0975 1
147.1752 0
156.4845 0
160.1799 0
160.3658 0
153.0214 0
160.0762 0
167.9054 0
166.9367 1
166.9487 1
156.7673 0
165.1106 1
166.3076 0
155.2115 0
150.2918 0
150.4298 0
155.6834 0
164.2403 1
149.255 0
159.5139 1
178.8526 0
172.5078 1
159.3262 0
171.1791 0
147.7566 0
163.2833 0
153.076 0
146.5813 0
180.7245 1
147.859 0
151.5871 0
179.2757 1
192.654 1
173.7775 1
158.6693 0
159.6301 0
175.2852 1
143.1397 0
161.3067 0
163.6749 0
167.9876 1
166.2881 1
169.2651 1
158.7498 0
150.0936 0
175.9397 1
152.7358 0
163.9342 1
176.4381 1
162.1956 0
166.5491 0
158.4341 1
165.4759 1
168.3071 1
161.0283 0
147.7215 0
167.0772 0
165.7939 1
158.9201 0
178.3608 1
157.9176 0
173.4846 1
166.5758 1
160.434 0
162.2904 0
153.1247 0
157.3419 1
176.7396 0
163.0609 0
159.469 0
149.3837 0
156.8981 0
154.8121 0
161.5963 0
159.1755 0
142.8406 0
171.2978 1
165.5061 1
175.8944 0
155.775 0
150.7795 0
164.9788 1
166.1115 1
164.9333 0
158.9382 0
178.0432 1
168.0583 1
147.0039 0
181.6581 1
162.3955 0
144.326 0
164.2883 1
159.4314 0
158.7561 0
157.7331 0
174.5842 0
162.2557 0
169.0579 1
164.979 0
167.3563 0
141.3315 0
171.4614 1
166.3414 0
162.2683 0
181.1198 1
176.4504 1
172.1653 1
170.0671 1
158.3686 0
172.7867 1
160.9046 0
160.2942 1
175.1271 1
160.8992 0
176.9849 1
178.2331 1
171.9796 1
151.0929 0
164.8517 1
157.2176 0
170.1732 1
174.1569 1
170.0274 1
166.2451 0
159.698 0
158.2855 0
175.3135 1
148.2588 0
166.5983 1
164.415 1
160.3148 0
162.7158 0
166.4969 1
158.527 0
151.1568 0
154.2348 0
158.4758 0
157.2313 1
159.5597 1
162.4569 0
171.7169 1
171.5525 1
163.3633 0
166.9394 1
160.8987 0
173.0124 1
179.1311 1
155.4548 0
167.5875 0
165.8438 1
150.6146 0
167.2228 1
144.9245 0
169.7344 0
179.32 1
159.8254 0
168.9831 0
173.3511 1
166.8358 0
183.0815 1
166.5581 1
151.334 0
148.8581 0
166.6647 1
156.977 0
151.0912 0
154.703 0
175.0082 1
159.2903 0
151.1382 0
171.8773 1
163.9167 0
170.6596 0
171.8987 1
176.6662 1
159.4669 0
160.1598 1
159.8491 0
170.5189 1
162.856 0
156.6263 0
175.4052 1
173.9553 0
146.4723 0
165.335 1
176.1489 0
165.7372 0
159.6823 0
158.6661 0
160.9695 0
156.7093 0
153.6242 0
162.6142 0
164.7249 0
169.1086 1
153.493 0
165.591 1
154.127 0
149.7161 0
147.9571 0
157.9596 0
161.4178 0
164.9819 0
164.8139 1
159.1984 0
159.761 0
162.1167 0
150.41 0
155.6441 0
165.9347 0
151.3691 0
161.31 0
161.8564 0
169.6833 0
151.791 0
153.3521 0
156.5521 0
145.9545 0
150.3426 0
165.3072 0
154.337 0
167.3936 0
163.1266 0
164.1534 1
164.4233 0
165.8909 1
154.3725 0
179.7084 1
166.4126 0
161.2777 0
178.6189 1
157.4218 0
163.6988 1
151.2751 0
161.0683 0
169.8793 1
172.6541 1
161.7456 0
158.9393 0
174.2516 1
146.1055 0
156.9046 0
161.6637 0
152.4499 0
176.4198 1
165.4119 1
146.8247 0
169.6387 0
158.7371 0
171.2491 1
169.8741 0
172.3394 1
162.6283 1
170.6617 1
170.4817 1
161.4567 0
149.2561 0
180.0831 1
163.4067 0
168.86 1
168.6556 0
163.4003 1
148.843 0
165.8749 1
178.5555 1
169.7224 1
166.8878 0
168.1915 0
151.7996 0
152.492 0
162.8969 1
152.9928 0
172.0076 0
160.2433 0
148.1945 0
160.9579 0
171.3975 1
152.2762 0
159.4886 0
157.609 0
149.9806 0
152.8432 0
167.4149 1
167.0143 1
156.7512 0
150.9363 0
167.2737 1
173.6337 1
160.7131 0
181.8066 1
166.8512 1
155.5224 0
175.4889 1
146.3727 0
162.5707 0
181.6219 1
173.2897 1
171.3937 1
165.62 0
164.5589 1
159.5284 0
149.2765 0
161.1643 0
158.2994 0
165.5989 1
150.2077 0
167.8299 1
159.6005 0
157.3492 0
162.8314 1
174.0177 1
155.4222 0
155.4245 0
174.9046 1
169.2327 1
146.2652 0
168.4414 1
165.8398 1
172.1389 1
166.5211 1
161.1021 1
144.2164 0
165.5983 1
166.989 0
157.1645 0
175.0009 1
184.6661 1
150.236 0
155.6988 0
170.3211 1
150.9241 0
139.8406 0
157.1219 0
150.2807 0
157.6106 1
177.6118 1
154.581 0
161.1792 0
163.2597 0
152.0368 0
167.9517 1
170.2219 0
175.0514 1
152.4379 0
160.0154 0
167.7138 1
168.5704 1
168.606 0
154.6673 0
182.7093 1
178.7459 1
164.8633 0
174.7 1
155.6932 0
156.7271 0
159.9716 0
173.3195 1
155.3934 0
166.4192 1
152.3498 0
183.7863 1
155.8544 0
167.0137 1
147.0968 0
147.2383 0
162.2057 0
173.7412 1
156.297 0
160.9731 0
182.0866 1
158.5745 0
156.249 0
159.8908 0
169.9242 0
169.0764 1
141.0685 0
158.0041 0
173.2456 1
173.2299 1
159.3557 0
182.0445 1
161.5887 0
157.0966 0
179.8788 1
166.2259 0
160.4215 0
162.8608 1
177.9953 1
155.3917 0
163.0912 0
164.8001 0
180.7485 1
167.7238 0
153.5727 0
174.3814 1
161.1333 0
159.2107 1
164.4371 0
172.3252 1
151.7057 0
158.4831 0
150.8368 0
150.88 0
166.6975 1
157.706 1
164.0075 1
163.0838 0
164.4985 0
162.0111 0
178.8649 1
143.2667 0
161.6062 1
151.1843 0
174.178 1
147.6391 0
168.8982 1
128.5508 0
160.3118 0
173.1685 1
139.4598 0
139.8718 0
159.5127 0
173.8792 1
152.4375 0
156.0919 0
156.7936 0
160.3073 1
167.0921 1
162.7538 0
150.2171 0
148.2483 0
168.4112 1
153.8985 0
162.8157 0
157.8287 1
155.2488 0
184.9493 1
141.9888 0
171.1921 1
156.1768 0
162.5539 0
172.5105 1
151.3642 0
163.5881 0
161.7675 1
162.3641 0
157.9797 0
149.323 0
161.3903 0
167.4949 1
166.9812 1
170.0976 0
166.9855 0
177.8976 1
151.669 0
164.7523 0
174.6987 1
168.4716 0
171.5061 0
164.2431 0
176.0364 1
163.3333 0
172.7146 1
174.6089 1
174.2338 1
155.7112 0
158.9161 0
175.3881 1
141.7731 0
167.7828 1
155.6994 0
164.9842 0
153.5521 0
165.1285 0
173.4648 1
184.4903 1
149.3227 0
150.1711 0
170.084 0
168.9401 1
171.5435 1
158.0351 0
159.693 1
150.0339 0
155.226 0
157.1514 0
152.426 0
173.5693 1
145.9876 0
159.427 0
176.8763 1
168.2129 1
175.6592 1
170.2251 1
146.0904 0
157.7234 0
162.8343 0
166.9855 1
167.544 1
165.6863 0
165.5936 0
160.238 1
152.5037 0
152.5054 0
171.716 1
158.9504 0
164.4271 0
161.859 1
168.8173 0
183.3406 1
151.8837 0
148.8354 0
177.5749 1
158.246 0
169.6942 1
170.1357 1
158.8548 1
156.5943 0
163.475 1
163.0862 0
164.6149 1
159.4564 0
154.1022 0
166.2959 1
147.747 0
165.5988 1
157.0635 0
162.0368 0
153.934 0
162.9363 1
151.5647 0
169.4335 0
162.1334 1
149.7595 0
163.8552 0
152.1564 0
164.6791 1
177.0483 1
172.0929 0
149.0525 0
154.41 0
179.3602 1
150.4668 0
147.4534 0
160.7048 0
166.6736 1
159.9887 0
133.8711 0
167.0697 1
177.7745 1
169.8605 0
181.5654 1
171.1062 1
155.2874 0
151.7996 0
173.6343 1
178.4587 1
168.3813 1
149.8158 0
170.3139 1
174.987 0
184.3306 1
181.0721 1
160.8004 1
149.807 0
182.4944 1
157.6568 0
170.9927 1
152.6212 0
168.5257 0
156.9743 0
173.4053 1
158.8205 0
188.823 1
163.4723 0
153.5493 0
165.4528 0
164.5417 1
180.0302 1
162.8611 1
172.7007 0
159.9272 0
176.7132 1
172.0504 1
166.8097 0
156.5644 0
160.0816 0
180.1739 1
155.5887 0
173.0221 1
174.4903 1
167.0129 1
159.4907 0
158.5727 0
165.8108 1
162.4634 1
162.5506 0
156.2461 0
172.5417 1
169.0688 0
153.6165 0
145.6517 0
150.0071 0
155.0715 0
151.5313 0
167.9169 1
158.0681 0
179.8894 1
160.5113 1
166.163 1
161.8316 1
182.7579 1
158.7596 0
175.0578 1
166.6175 1
163.8295 0
158.7477 0
155.6619 0
166.6807 1
183.2458 1
160.7804 0
158.1824 0
170.3498 1
154.2459 0
159.16 0
149.4742 0
158.7241 0
162.2292 0
164.4126 1
159.4591 0
157.4345 0
175.2921 1
168.6614 1
161.3023 0
155.6852 0
165.4794 1
157.0974 0
169.0941 1
154.2488 0
172.1112 1
161.0774 0
152.3473 0
158.9319 0
161.8323 1
155.1246 0
148.4692 0
156.2346 0
176.4483 1
161.1798 0
157.4191 0
176.5995 1
170.6632 1
170.835 1
142.1629 0
151.3761 0
168.6769 0
162.0668 0
174.2274 1
165.2043 1
166.9431 1
169.5663 0
151.0661 0
165.0061 1
171.6108 1
171.0899 1
146.804 0
171.546 1
152.0466 0
170.3715 1
153.0251 0
158.6242 0
167.2531 1
181.1108 1
156.3421 0
177.4044 1
164.0209 1
157.796 0
184.4078 1
178.1344 1
160.4238 0
169.7002 1
148.5175 0
158.1336 0
171.5743 1
146.6229 0
170.0969 0
160.8203 0
169.4189 1
175.9465 1
164.9095 0
177.7297 1
176.5828 1
155.1695 0
173.1 0
149.6385 0
175.9623 1
174.0449 1
162.0589 0
165.1558 1
162.2804 0
159.0243 0
160.6726 0
177.9148 1
153.2775 0
146.7656 0
177.9844 1
154.9273 0
155.8171 0
177.8386 1
157.9635 0
196.0517 1
155.751 0
176.9413 1
155.0472 0
167.9121 0
169.7565 0
157.371 0
168.8974 1
182.5586 1
157.7154 0
161.7355 1
167.9355 1
173.7155 1
151.6558 0
175.1215 1
164.4567 1
162.8088 0
156.979 0
152.7688 0
180.7801 1
161.0241 1
160.0872 0
153.2492 0
147.4532 0
148.5333 0
161.0257 0
161.0628 0
159.1412 0
157.9118 0
177.5879 1
165.0943 1
152.4152 0
161.8082 0
169.8206 1
158.9359 0
173.8653 1
146.0872 0
167.2535 0
154.0807 0
166.3918 1
148.7873 0
165.9143 1
160.842 0
145.5058 0
179.5113 1
174.3675 1
162.9897 0
168.5733 0
164.2928 0
154.101 0
177.7425 1
163.5432 0
159.5561 1
147.215 0
156.6066 0
172.5213 1
151.2978 0
157.6763 0
162.4034 1
151.6746 0
176.1273 1
154.7006 0
160.2421 0
171.4632 1
178.0082 1
164.2568 1
179.8154 1
177.0753 1
154.5952 0
178.2885 1
154.106 0
179.4102 1
154.8177 0
164.9103 1
171.2956 1
165.3093 1
152.4042 0
172.5425 1
168.6715 1
156.3967 0
146.3657 0
166.4333 1
168.0952 1
162.4415 1
158.1794 0
165.182 1
154.2249 0
169.6541 0
156.0137 0
160.5773 0
151.8377 0
152.7512 0
169.263 1
150.4136 0
185.3832 1
177.2844 1
166.473 0
178.4854 1
155.9394 0
150.7577 0
166.8908 0
183.9062 1
149.4124 0
169.4615 0
184.6317 1
168.9154 1
164.1243 1
127.8448 0
147.7881 0
156.3671 0
156.32 0
169.2821 1
164.8074 1
145.4614 0
167.983 0
159.4185 0
159.7958 0
148.2312 0
161.8662 0
164.1936 1
166.944 0
152.7679 1
167.9136 1
168.6478 1
162.421 1
161.6393 1
163.2834 0
165.2968 0
143.5355 0
172.1261 1
157.3656 0
158.3614 0
152.1811 0
162.3904 0
184.2306 1
171.3787 1
168.6479 1
171.6956 1
179.8395 1
161.6762 0
159.1988 0
167.534 1
160.6484 0
176.8379 1
149.2725 0
171.2538 1
162.8834 0
151.1926 0
169.5714 1
144.9867 0
168.8268 0
173.1107 1
173.636 1
162.9611 0
167.623 1
158.6136 0
169.2641 1
174.2228 1
156.642 0
166.7819 0
149.3187 0
167.4657 0
149.6247 0
165.7688 0
185.4395 1
147.5952 0
156.6606 1
161.3711 1
161.2841 0
162.5362 0
155.7581 0
165.8608 0
169.5762 1
159.9701 0
176.9192 1
159.935 0
171.8489 1
157.7974 0
155.4609 0
164.4884 1
160.3331 0
169.4059 1
158.2258 0
153.6819 0
168.0696 1
151.8593 0
152.1152 0
162.7529 0
154.0549 0
154.6181 0
154.451 0
179.8129 1
143.2315 0
165.0758 0
157.0872 0
170.8938 1
158.8212 0
158.1698 0
157.9668 0
149.5569 0
155.2442 0
168.4706 1
185.2926 1
151.5527 0
165.4015 0
179.5236 1
154.6759 0
166.0276 0
168.0211 0
175.0279 1
179.0358 0
167.442 1
174.5417 1
159.3752 0
171.3143 1
157.8219 0
163.965 0
173.6633 1
176.0255 1
159.1304 0
161.0767 0
175.802 1
183.7315 1
150.6856 0
169.1217 0
172.1121 0
134.7618 0
167.5212 1
160.9603 0
170.4007 1
179.5776 1
177.7673 1
163.8109 0
167.6959 1
165.7968 1
170.2754 1
170.2685 1
169.7548 1
165.2549 0
172.1586 1
177.5943 1
156.2429 0
152.5998 0
143.6031 0
162.8196 1
174.1294 1
167.7137 1
183.9197 1
176.533 1
144.8437 0
158.5138 0
162.0896 0
185.4361 1
164.9707 1
172.5995 1
170.4225 0
153.9758 0
164.5239 0
148.5857 0
146.9706 0
181.461 1
177.5106 1
156.4876 0
166.0607 1
154.2188 1
175.6088 1
160.586 0
157.8377 0
169.9397 0
179.9802 1
150.8372 0
159.3692 0
154.3829 0
156.3527 0
164.9797 1
154.8534 0
164.6682 1
167.8915 1
165.8028 1
174.7555 1
177.0594 1
154.9138 1
173.2354 1
158.2633 0
152.637 0
186.1424 1
162.8886 0
164.6747 1
155.9729 0
168.5695 1
167.9458 0
161.7599 1
151.6967 0
152.9726 0
160.7748 0
160.0203 0
145.3307 0
158.1986 0
157.0259 0
158.4658 0
161.5876 0
165.4857 0
159.7466 0
179.5101 1
156.5175 0
170.7295 1
173.6738 1
161.2726 0
160.1809 0
156.616 0
172.8914 1
163.6624 0
154.873 0
176.5513 1
177.7202 1
177.7896 1
156.8535 0
170.6803 1
157.8636 0
159.1339 1
166.5998 1
163.2454 0
165.0168 0
154.1523 0
173.5096 1
156.1605 0
172.0057 1
144.6994 0
148.1827 0
160.7332 1
157.6587 0
169.7382 1
179.3841 1
170.4873 1
157.4628 0
177.3913 1
165.9723 1
169.7397 0
175.3138 1
177.0358 1
161.3619 0
155.8714 0
148.709 0
168.9662 0
154.7672 0
158.9255 1
149.5869 0
152.2106 0
171.2204 1
159.7385 0
147.1779 0
150.0471 0
184.2711 1
171.7546 1
154.7797 0
169.4583 0
174.7734 1
158.4038 0
153.4965 0
150.9624 0
170.3638 1
161.8169 0
159.8702 0
163.6244 0
158.4121 0
156.5894 0
163.3293 1
164.5314 0
157.3259 1
149.8269 0
162.0359 0
168.5489 1
150.1432 0
167.4723 0
160.926 0
164.4629 1
150.405 0
160.4202 0
154.5973 0
156.1712 0
161.0091 0
167.3943 0
165.8233 1
169.9754 1
169.9192 1
155.9481 0
159.9765 0
172.4168 0
165.693 1
172.0449 1
158.2824 0
153.3854 0
158.3569 0
163.5616 1
158.4199 0
155.345 0
141.1165 0
153.4878 0
168.8228 1
156.5304 0
173.636 1
181.196 1
156.0513 0
151.3152 0
179.5519 1
165.8289 0
162.732 1
157.2602 1
161.01 0
173.403 1
177.9333 1
175.0392 1
168.2868 0
177.8288 1
160.6954 0
159.3625 0
164.0585 1
167.8861 1
162.2532 0
184.4173 1
172.9377 1
161.0375 0
154.4143 0
145.2658 0
157.775 0
160.9246 1
151.27 0
144.1522 0
174.8053 1
166.9485 0
160.2075 0
158.2376 1
138.9837 0
174.0098 1
173.2245 0
159.152 0
153.269 0
174.7675 1
172.5891 1
161.7931 1
162.4798 0
168.0404 0
173.049 1
176.3119 1
159.244 0
174.5744 1
181.497 1
177.7683 1
153.1796 0
166.6966 1
160.7398 1
142.7579 0
157.8116 1
164.1437 1
147.8419 0
162.0279 0
173.9425 1
154.5971 0
155.9464 0
168.8709 0
165.0893 0
156.9839 1
161.0446 0
154.1653 0
152.0197 0
175.3008 1
184.0416 1
158.3177 1
146.4194 0
154.2033 0
167.0951 1
166.9657 0
176.6284 1
170.2741 1
141.7211 0
169.853 1
172.049 1
159.9226 1
164.4713 0
135.751 0
154.5462 0
154.1288 0
159.2971 0
169.7004 1
163.8436 0
155.4266 1
172.3421 0
169.3423 1
166.6151 0
161.9772 1
144.942 0
160.1992 0
147.5444 0
170.1221 1
172.6035 1
163.3641 0
179.3719 1
150.2832 0
171.234 1
154.2494 0
173.7104 1
158.5223 0
172.9369 1
162.5339 0
184.3752 1
164.1067 1
152.3305 0
159.3354 0
179.9826 1
166.3522 1
176.5132 1
155.3157 0
158.6674 0
158.4041 0
166.8095 0
165.7037 1
153.6542 0
154.4233 0
153.7532 0
165.3729 1
154.1241 0
168.2937 0
163.0948 1
162.8817 0
153.9438 0
161.7316 0
160.9407 0
148.3131 0
172.219 1
172.6078 1
154.2726 0
156.5712 0
159.3608 1
166.3587 1
172.4277 1
160.5987 0
160.5682 0
161.6662 0
180.0832 1
169.9241 1
161.3219 1
167.7567 1
174.07 1
171.9802 1
162.1285 0
149.9936 0
164.7381 0
168.8844 1
164.3572 1
159.5564 0
159.3365 0
156.7576 0
157.9346 0
157.0942 0
176.4061 1
155.5396 0
157.1789 1
156.6454 0
169.5352 0
157.4357 0
168.7955 1
164.5995 0
157.3183 0
164.2764 0
162.9025 1
159.0575 0
161.5575 1
152.9291 0
172.2014 1
148.7802 0
161.8651 0
161.2871 0
157.1705 0
180.3406 1
157.3506 0
151.4752 0
149.6486 0
169.9153 0
160.0078 0
160.4778 0
172.2503 1
148.6886 0
165.4929 0
148.5905 0
154.9278 0
160.4005 0
165.1714 1
159.5908 0
157.4546 0
164.4217 0
171.5335 1
176.3028 1
156.744 0
150.7696 1
165.6849 1
155.8017 0
152.3759 0
154.2884 0
179.293 1
181.9536 1
156.3491 0
165.1174 1
156.7493 0
172.3759 1
162.7093 1
172.5074 1
182.7667 1
158.6252 0
163.6535 0
158.55 1
147.1002 0
159.5208 0
160.9912 0
166.2052 1
156.7068 0
151.1971 0
161.7349 0
173.1192 0
168.9229 1
170.1643 1
177.1362 1
156.1668 0
181.3374 1
159.8822 0
154.2584 0
164.5681 0
167.9885 0
185.5759 1
178.8556 1
151.6606 0
145.2116 0
161.7822 0
173.0824 1
155.8077 0
163.0187 1
169.0109 1
153.4372 0
158.7608 1
181.684 1
159.2947 0
154.0458 0
154.2635 0
171.3882 1
172.432 0
152.5032 0
157.9776 0
176.9323 1
149.7421 0
163.0937 0
156.662 0
171.026 0
149.879 0
188.8617 1
151.4834 0
149.6403 0
172.3559 1
155.9266 0
171.819 1
147.4564 0
157.7922 0
165.3001 0
159.3483 0
159.3773 0
156.9622 0
157.3439 0
154.3261 0
158.6013 0
175.0509 1
157.6563 0
167.0084 1
157.6884 0
185.11 1
171.449 1
154.9513 0
149.2559 0
153.4954 1
169.5726 1
173.1717 1
154.6321 0
154.133 1
154.9391 1
165.3908 0
177.5758 1
166.251 1
173.3771 1
157.1188 0
150.7006 0
157.962 0
166.5378 1
155.3994 0
170.2286 1
164.6962 1
172.6293 1
180.1987 1
175.2198 1
159.0205 0
159.1467 0
147.1661 0
166.4661 1
178.4535 1
164.4565 1
155.8266 0
156.4456 0
156.2921 0
177.8193 1
165.7804 1
145.5629 0
165.1891 0
174.0311 1
180.1176 1
169.5064 1
160.0251 0
157.642 0
170.8329 1
165.92 1
170.2861 1
161.717 1
165.6145 0
147.7533 0
156.3965 0
166.3808 0
173.0024 1
175.5013 1
156.0909 0
166.809 0
171.2644 1
171.6446 0
155.5167 0
178.6278 1
160.7896 0
161.6885 1
159.7584 0
158.3145 0
152.854 0
150.7545 0
170.0646 1
156.0276 0
159.6893 1
157.3683 0
155.3492 0
163.895 0
151.0892 0
159.2038 0
162.6577 0
157.8674 0
176.6299 1
160.442 0
184.6017 1
163.8182 0
150.2161 0
165.245 0
160.9545 0
156.1637 0
157.5849 0
173.6082 1
154.9872 0
161.8752 1
165.9894 1
174.8825 1
159.6143 0
172.5922 0
162.8583 0
170.1429 0
158.7313 0
155.5819 0
165.1945 1
168.3991 0
146.7185 0
148.7063 0
148.8 0
153.3293 0
160.3775 0
177.8226 1
164.8027 0
162.1558 1
165.1353 0
158.192 0
155.7089 0
172.7193 1
154.7599 0
172.0258 1
154.6157 0
165.2838 1
156.1053 1
149.3762 0
154.7121 0
178.0578 1
175.1347 1
169.7143 1
157.0819 0
150.712 0
173.6619 1
154.8153 0
162.7139 0
152.47 0
173.0982 1
160.1954 0
154.1875 0
167.1896 1
168.4488 1
159.7392 0
158.4579 0
173.728 1
160.2453 0
151.5886 0
154.524 0
149.8283 0
157.9989 1
154.6329 0
163.1365 1
165.4331 1
157.3533 0
166.2759 0
154.9296 0
161.814 1
162.7064 0
148.033 0
175.5812 1
172.4966 1
156.757 0
167.807 1
162.8619 0
172.0458 1
184.2082 1
169.1258 1
161.9013 0
165.7124 1
151.6313 0
179.3438 1
140.9376 0
168.304 1
147.7404 0
168.8337 1
164.5244 1
145.3668 0
161.9093 0
171.4354 1
163.2716 1
155.9742 0
164.9745 0
161.0782 1
170.4987 1
156.5147 0
156.3276 1
185.0589 1
173.2598 1
150.8767 0
147.1349 0
146.4407 0
154.6733 0
158.0253 0
172.0189 1
158.2774 0
159.5811 0
156.7337 0
161.8358 1
182.7292 1
158.3443 0
158.0652 0
157.2768 0
192.024 1
165.2987 1
165.7 1
160.8835 0
152.2381 0
157.2407 0
152.7488 0
170.2818 1
166.3521 0
147.5956 0
165.6838 1
148.8887 0
156.3299 0
164.5648 1
183.7159 1
159.4824 0
163.3781 0
170.269 1
176.8129 1
181.9679 1
151.5722 0
176.5007 1
164.1537 0
169.701 1
174.4962 0
154.5155 0
154.7272 0
177.6985 1
157.6271 0
154.9803 0
159.1227 0
170.3626 1
161.3146 0
170.9281 1
177.0359 1
150.1992 0
171.9445 1
158.1271 0
179.1658 1
176.0024 1
164.8219 0
163.0487 0
158.9429 0
180.5767 1
165.2772 0
163.0405 0
157.5718 0
163.6218 1
172.7473 0
164.3488 1
160.6902 0
172.5665 1
144.9109 0
157.5393 0
155.9864 0
172.4092 1
170.175 1
174.6125 1
158.2694 0
173.1844 1
179.9029 1
155.6863 0
148.3507 0
152.0774 0
150.5162 0
153.6545 0
160.921 0
177.21 1
176.257 1
157.2623 0
162.6509 0
153.7551 0
157.9328 0
152.2951 1
168.2041 0
158.2563 0
177.0228 1
146.102 0
160.3781 1
157.7658 0
150.4957 0
172.3782 0
164.7618 0
165.035 0
181.3938 1
156.2463 0
163.4536 0
149.2469 0
154.8945 0
175.3215 1
154.442 0
169.0506 1
156.6032 0
156.4152 0
158.4794 0
158.9806 0
167.8661 0
144.0585 0
160.0328 0
157.428 0
153.7136 0
160.8731 0
174.4016 1
169.9732 1
165.2246 0
185.272 1
151.9152 0
176.948 1
161.0652 0
159.9553 1
155.0312 0
150.5992 0
165.2469 1
153.0657 0
175.1821 1
151.9058 0
170.7671 1
150.2517 0
167.2027 1
151.0142 0
159.79 1
164.9545 1
161.2361 1
171.6372 1
181.4289 1
164.6829 1
175.0299 1
160.9235 0
169.1926 1
155.8651 0
189.2989 1
167.5435 0
184.2944 1
153.681 0
153.4626 0
171.7706 1
175.2717 1
153.3566 0
173.4682 1
171.9902 1
159.9446 0
172.5018 1
161.161 0
154.3592 0
164.3265 0
175.4733 1
152.5431 0
162.2151 0
162.6579 0
158.4071 0
169.1326 0
177.2838 1
149.8128 0
162.0205 1
172.3827 1
161.4189 0
176.6867 1
175.6727 1
147.4159 0
160.6713 1
162.7435 1
163.8657 0
148.2219 0
156.1158 0
177.8599 1
170.0272 1
158.3576 0
179.684 1
169.9185 1
165.448 0
159.8119 0
148.8203 1
175.0481 1
164.782 0
157.7542 0
148.6567 0
169.2137 1
171.0771 1
156.4201 0
149.2335 0
167.9129 1
189.4916 1
173.4836 0
162.0927 1
180.0038 1
152.8447 0
157.1496 0
163.0931 0
167.4799 1
171.4113 1
168.7456 1
155.1552 0
158.2685 0
160.2812 0
187.9093 1
162.9936 1
161.756 0
162.506 0
149.3153 0
162.4016 0
176.8953 1
143.9562 0
146.1309 0
159.2699 0
158.2802 0
160.3797 1
173.6055 1
171.239 0
164.7201 1
162.7837 0
178.7201 1
152.1323 0
161.8661 0
177.8678 1
143.9529 0
159.9211 1
159.8596 0
185.0708 1
172.0789 1
154.8655 0
165.5587 0
167.9183 0
155.6779 0
155.9079 0
167.9758 1
154.5168 0
168.5929 1
168.2772 1
154.5667 0
155.3919 1
157.8711 0
164.6937 0
167.1421 1
162.9098 1
160.1212 1
166.3536 1
168.5223 1
157.0941 0
144.178 0
161.0677 0
157.0826 0
175.6007 1
165.6028 1
159.933 0
160.9735 0
164.7115 0
182.5308 1
176.279 1
171.8858 1
171.3335 0
169.2014 1
155.6391 0
154.5233 1
169.1513 1
164.046 0
163.2446 0
147.9774 0
159.7532 1
145.4172 0
158.0467 0
150.5613 0
169.824 1
164.9772 0
182.7039 1
172.5181 1
153.866 0
161.9868 0
172.918 1
153.0656 0
152.9318 0
182.9554 1
158.1885 0
154.5916 0
164.2456 0
154.8729 0
163.2633 0
156.4997 0
165.1841 1
163.6618 1
167.4066 1
156.4332 0
159.9387 1
159.2318 1
158.9276 0
153.7059 0
166.1415 0
154.4065 0
156.0868 0
161.913 0
143.8837 0
166.485 1
161.4738 0
161.7587 0
159.3415 0
176.1139 1
185.0292 1
145.0902 0
152.0482 0
178.6411 1
167.4331 0
175.6622 1
163.0207 1
158.0159 0
169.5718 1
167.1926 0
166.0901 1
156.5067 0
173.5668 1
174.5502 1
158.0879 0
152.3383 0
164.521 1
154.6565 0
156.6878 0
172.3036 1
159.4682 1
152.8925 0
145.6585 0
176.4427 1
156.7825 1
162.3002 1
144.541 0
155.1296 0
147.7631 0
157.1504 1
159.4329 1
153.4521 1
164.9239 0
165.2619 0
163.1546 0
163.9616 0
173.1175 1
153.2166 0
172.9913 1
156.726 0
158.59 0
167.9411 1
158.1832 0
160.9093 0
158.7491 0
168.456 0
158.6973 1
159.7927 1
165.6017 1
189.673 1
165.5716 1
161.1697 0
164.1829 0
160.9332 0
160.0955 0
170.3576 0
169.1019 1
153.3406 0
160.8496 0
167.4471 1
152.6068 0
163.3891 1
160.3207 1
159.7812 0
164.2094 0
153.7461 0
172.2795 1
167.9191 0
165.3487 1
159.2999 0
165.606 0
166.4233 1
157.0279 0
169.5217 1
165.167 0
153.1612 0
158.7113 0
148.4515 0
163.5908 0
165.271 1
169.53 0
172.3415 1
164.2381 1
166.402 1
161.0401 0
167.8069 0
160.2758 0
171.725 1
178.5544 1
161.0627 0
166.2292 0
158.3072 1
155.5147 0
155.2766 0
157.2672 0
155.6821 0
174.2347 1
151.7794 0
167.1287 1
153.5742 0
166.3484 0
157.7766 1
160.8661 1
159.4022 0
147.2686 0
163.9455 1
162.8606 0
166.1755 1
167.3084 1
168.3773 1
160.1082 0
165.2959 0
171.6305 1
174.4714 0
166.9226 1
149.2554 0
173.4062 1
161.8646 1
160.5526 0
150.5828 0
162.8844 0
154.4525 0
153.43 0
145.6118 0
157.8043 0
157.6044 0
150.7262 0
161.8018 0
157.2215 0
184.9723 1
159.8104 0
158.5393 0
146.8701 0
169.3563 1
161.4352 1
162.9768 0
185.3775 1
150.588 0
159.7905 0
175.1594 1
156.9468 0
174.8384 1
162.7324 0
149.7279 0
155.0119 0
164.5249 1
180.3463 1
174.2654 1
155.3543 0
174.4563 1
177.9381 1
163.4738 0
158.0532 0
155.452 0
153.567 0
162.3307 0
163.6054 0
159.8483 1
176.2296 1
162.6829 0
148.9861 0
179.1218 1
165.0566 0
164.3731 0
168.4033 1
167.6375 1
161.3384 1
151.7555 0
179.0526 1
153.6333 0
157.8242 0
158.3325 0
159.5592 0
154.782 0
161.0367 0
162.3208 0
167.2209 1
157.698 0
155.1112 0
188.8138 1
162.753 0
179.1708 1
157.5094 1
153.8568 0
165.4147 0
156.6721 0
170.2819 0
172.7035 1
160.8421 0
161.8352 0
175.2034 1
152.1425 0
179.5398 1
178.0917 1
157.3234 0
163.5905 1
175.141 1
165.8139 1
174.5667 1
170.2297 1
155.4377 0
175.0319 1
157.2419 0
162.0786 1
151.7915 0
160.3963 0
169.9737 1
162.4732 0
184.2604 1
155.8201 0
164.6055 1
158.7579 0
153.6991 0
145.1064 1
158.1215 1
161.4483 0
172.6909 1
171.2889 1
173.709 1
172.6802 1
170.0227 1
183.4699 1
163.9874 0
172.8458 1
165.7482 0
160.8442 1
151.0469 0
183.8569 1
165.0504 0
160.2636 0
165.4632 1
149.7327 0
162.2408 1
167.2872 1
149.4018 0
173.9233 1
174.7845 1
160.6757 0
159.7718 0
147.7604 0
157.2383 0
154.1485 0
158.0901 0
164.188 0
157.1502 1
176.7795 1
158.6162 0
176.1225 1
167.1711 0
151.3089 0
156.9644 0
172.6388 1
169.3721 1
152.9329 0
153.9933 0
174.8309 1
160.6976 0
161.2047 0
150.6812 0
163.0915 1
160.7681 0
168.7494 1
160.7101 1
168.0038 1
169.9366 1
172.4295 1
170.6977 0
180.6477 1
171.3194 1
172.7698 1
165.0259 0
158.8971 0
164.5153 1
159.1587 0
152.8181 0
147.89 0
156.1019 0
172.66 1
172.2343 1
161.9975 0
164.9365 1
149.6158 0
159.5093 0
178.1517 1
165.4789 0
168.3852 0
158.366 0
151.2976 0
159.884 0
151.827 0
176.6852 1
166.8617 1
153.6353 0
166.1675 0
151.1913 0
160.5478 0
163.0426 1
175.9514 1
169.6534 0
156.4612 0
164.6553 0
184.6762 1
153.8914 0
153.0797 0
170.5256 1
157.6065 1
164.5167 0
171.6893 1
160.5777 1
152.1339 0
167.8452 1
165.8785 1
158.4339 0
152.8232 0
155.7348 0
148.027 0
169.7121 0
175.1115 1
162.5034 1
176.2827 1
172.2897 1
170.7443 0
160.1593 0
171.6391 1
159.7579 0
162.0247 0
169.3139 1
180.717 1
154.6161 0
151.4432 0
164.603 1
167.081 1
162.54 0
171.1453 1
183.7791 1
150.6105 0
179.0541 1
159.6361 0
161.8734 0
166.1915 1
168.129 1
163.4907 1
162.721 1
155.5449 0
166.6595 1
153.4512 0
164.6378 1
156.6 0
166.7153 1
159.2781 0
150.9707 0
162.4709 0
150.6874 0
162.462 0
158.4221 0
167.1527 1
159.2377 0
157.5816 0
163.8639 0
194.0172 1
162.2481 0
148.4609 0
166.4029 1
180.1616 1
147.6317 0
165.7459 0
148.4537 0
157.5466 0
174.9366 1
155.5851 0
169.6073 1
161.5684 0
181.3223 1
147.9287 0
164.5454 1
170.539 1
154.1608 0
168.4086 0
162.6501 1
164.651 1
150.9595 0
157.675 0
161.7763 1
157.3186 0
168.7148 1
148.943 0
166.246 0
164.01 1
173.2575 0
169.3695 1
177.7773 1
180.1744 0
160.5496 0
151.72 0
171.3336 1
154.7718 0
156.9417 0
152.3845 0
147.4939 0
179.6771 0
162.2177 0
172.4961 1
180.0684 1
154.0206 0
165.0308 0
154.2504 0
163.9857 0
168.3167 1
171.9816 0
159.2986 0
166.1946 1
177.7266 1
164.4865 0
168.7389 0
171.8401 1
152.051 0
177.6265 1
175.1187 1
157.0755 0
168.5524 1
158.3455 0
156.7251 0
177.5561 1
158.3277 0
164.907 1
172.3844 1
172.7283 1
150.4823 0
159.5282 0
174.4781 1
162.5128 1
159.9943 0
166.8679 1
158.8535 0
156.884 0
156.281 0
180.7872 1
170.3494 1
165.6763 1
149.4555 0
156.1672 0
165.714 0
158.5314 0
157.0731 0
163.2964 0
170.4836 1
161.2326 0
152.3733 0
163.76 0
168.0792 1
174.1631 1
158.0456 0
166.4384 1
166.7436 1
157.4734 1
159.5923 0
163.3574 0
181.0902 1
164.987 0
177.831 1
170.9002 0
156.5348 0
164.4226 0
153.8801 0
161.1242 0
164.3758 1
154.437 1
175.7494 1
155.8634 1
153.2979 0
159.3814 0
164.2057 0
154.6141 0
152.4893 0
163.9119 0
173.5386 1
163.45 1
179.523 1
174.0086 1
165.1942 1
157.269 0
158.6024 0
177.5315 1
154.8792 0
154.2703 0
164.4212 0
169.4296 0
165.0439 0
141.153 0
170.9312 1
159.7672 0
162.8879 0
162.3404 1
191.2889 1
148.7643 0
165.6082 1
155.9069 0
176.6003 1
142.623 0
171.2549 1
162.8965 0
156.1537 0
158.0095 0
152.1282 0
165.3466 1
154.6426 0
149.9132 0
175.1317 1
155.4441 0
154.0369 0
169.8474 1
168.0856 1
164.2875 0
175.7644 1
159.4796 0
156.9211 0
177.8188 1
163.2927 0
175.6082 1
171.9775 1
167.7455 1
167.9672 1
161.2682 1
167.5685 1
169.7763 1
172.0606 1
171.4799 1
158.082 0
169.2903 1
152.9533 0
148.944 0
164.2142 1
175.3836 1
179.1604 1
169.9616 1
159.5621 0
161.2674 0
180.1487 1
174.9962 1
161.3874 0
156.2753 0
162.737 0
170.9393 1
178.4465 1
158.1025 0
178.3371 1
167.5707 1
152.0476 0
172.549 1
161.7949 0
156.8824 0
173.1886 1
166.7466 0
178.5901 1
169.5112 1
174.0605 1
157.8772 0
178.7303 1
154.9912 0
172.3336 1
154.826 0
146.9483 0
156.2036 1
173.8459 1
154.9209 0
170.9394 1
162.5665 1
160.7366 0
151.8203 1
170.8655 1
161.9593 1
150.0467 0
153.9272 0
159.3934 0
159.7943 0
176.469 1
169.3645 1
173.9417 1
164.5135 1
173.9597 1
165.3149 0
162.0321 1
171.768 1
157.7354 0
154.9765 0
147.0233 0
164.0447 0
168.8289 1
168.519 1
163.3483 0
161.8568 0
167.5029 1
156.1166 0
189.6774 1
146.0549 0
147.6964 0
175.4119 1
169.6358 1
162.8166 1
171.3043 1
168.3813 1
164.7483 1
174.4021 1
168.1734 0
160.4326 1
156.8274 0
146.5071 1
163.0608 1
161.8506 1
153.0669 0
159.3865 0
169.232 1
158.3533 0
175.2359 1
147.6079 0
161.823 0
162.6129 0
172.2947 1
175.3211 1
175.6632 1
144.7181 0
171.9512 1
164.9024 0
185.8471 1
185.9669 1
155.6237 0
160.1377 0
166.4894 1
165.7035 0
153.1291 0
174.5967 1
174.5976 1
160.0639 0
169.4766 1
164.801 0
169.7652 1
151.7439 0
150.5148 0
152.4898 0
170.2891 1
158.9365 0
173.0182 1
168.632 1
160.785 0
174.7023 1
156.5257 0
167.3548 1
160.3814 0
161.646 0
151.8298 0
172.0361 1
164.5708 0
175.6725 1
158.8663 0
151.5852 0
161.1735 1
179.5514 1
150.4874 0
168.2348 1
164.5591 0
148.3974 0
169.3819 1
164.6946 1
153.0106 0
177.0993 1
162.2709 0
160.2868 1
162.0356 0
164.6497 1
152.5544 0
180.7021 1
184.8331 1
166.058 0
152.4625 0
166.8732 1
171.678 1
178.5321 1
158.4293 0
158.0106 0
159.0685 0
164.7048 1
182.2774 1
161.8006 0
164.3115 0
153.4216 0
172.2012 1
169.7722 1
163.368 0
171.7107 0
153.0553 0
184.4975 1
149.6291 0
165.9662 0
149.9098 0
160.8442 0
160.9176 0
178.5155 1
157.1546 0
159.6766 0
161.7081 1
179.9368 1
169.8043 1
175.2637 1
146.0769 0
143.8292 0
175.948 1
184.5814 1
151.6799 0
160.9251 0
163.0066 1
169.7339 1
169.6607 1
144.0138 0
173.9949 1
181.7446 1
184.8253 1
157.598 0
178.652 1
154.3494 0
160.5364 0
157.9636 1
163.6509 0
179.9421 1
163.6745 0
176.3234 1
159.3848 0
162.5265 0
156.9829 0
158.1929 0
173.0677 1
156.6838 0
154.18 0
155.6665 0
153.0582 0
156.0224 0
159.9733 0
163.5997 0
163.4645 1
157.0534 1
158.0169 0
176.8596 1
177.3134 0
147.0549 0
175.8043 1
157.087 0
164.832 0
167.1455 0
168.3299 1
180.1476 1
163.4966 0
165.3942 0
149.335 0
176.3161 1
166.7338 1
179.2541 1
171.3144 1
164.487 1
165.9656 1
178.7328 1
177.2753 1
158.0327 0
172.4966 0
164.3105 0
158.2006 0
155.1223 0
156.5874 1
178.128 1
159.8957 0
174.5917 1
154.2778 0
174.8469 1
156.6264 0
159.2423 0
171.2715 1
168.4501 0
160.5138 0
158.0501 0
161.7335 0
164.3054 0
169.5044 1
167.616 1
168.7624 1
146.5221 0
163.7972 0
175.1007 1
178.3997 1
158.0769 0
163.6684 0
152.2618 0
168.1247 0
173.4685 1
173.4519 1
157.1111 0
160.48 0
180.6464 1
157.9597 0
161.392 0
174.7346 1
188.2892 1
157.4946 0
172.2403 1
172.496 1
178.9618 1
168.905 1
158.6125 0
154.6499 0
180.3367 1
159.3083 0
151.5255 0
162.5462 0
172.7742 1
172.1505 1
150.7398 0
169.9915 1
170.4078 1
169.9084 1
164.0463 0
160.6074 0
159.6488 0
154.8901 0
165.6323 0
160.0739 0
159.2104 0
165.2401 1
164.5647 1
171.1754 1
149.8209 0
158.3281 0
165.201 0
150.7343 0
164.4385 0
182.3259 1
163.2578 1
169.9639 0
166.0027 0
158.2999 0
164.7047 1
157.1903 1
155.2991 1
164.7122 1
167.1183 1
163.6393 0
165.9342 0
158.3985 0
171.7623 1
166.2425 0
144.0909 0
181.4751 1
144.0211 0
169.708 1
155.3069 1
157.0264 1
164.7074 0
168.049 0
165.735 1
167.2551 1
155.7995 0
156.6322 0
175.474 1
152.0502 0
173.3238 1
166.6597 0
163.1485 0
137.2326 0
165.3893 0
171.9242 1
144.1611 0
149.2277 0
168.3082 1
176.1805 1
160.9793 1
152.772 0
178.8578 1
156.7716 0
179.1096 1
171.197 1
161.991 0
162.3877 1
171.6916 1
189.3484 1
164.5944 1
161.4077 1
155.0347 0
168.3685 1
173.2642 1
173.7687 1
157.9434 0
155.1262 0
165.0596 1
161.8359 0
148.504 0
176.0078 1
160.0241 0
159.2379 0
152.1314 0
170.8045 1
156.316 0
163.7896 1
150.1636 0
144.9259 0
154.2288 1
163.2216 0
164.7425 0
174.9466 1
188.7819 1
168.1389 1
152.5875 0
185.2435 1
165.8754 0
170.4628 1
154.7068 0
158.4189 0
176.0144 1
182.9242 1
164.3104 0
148.7883 0
153.0991 0
164.2891 0
158.6794 0
162.5497 1
172.1935 1
154.4438 0
175.3277 1
162.9033 0
170.137 1
160.8308 0
165.9013 1
143.8338 0
179.611 1
168.4788 1
158.1472 0
176.8824 1
164.7506 0
176.3963 1
178.7944 1
155.9994 0
147.0254 0
153.8027 0
160.8271 0
168.1585 1
170.7732 1
161.6046 0
170.1377 1
155.7198 0
147.6401 0
166.8981 0
170.9918 1
168.5905 1
166.705 1
155.3101 0
172.8479 1
164.7885 1
156.9128 0
170.6 1
150.7067 0
154.8681 1
161.1621 0
170.5455 1
157.2314 0
162.2077 0
172.0391 1
157.8055 0
166.1304 0
156.9348 0
167.9418 0
174.7081 1
153.9969 0
157.2514 0
179.315 1
158.0484 0
159.255 0
168.1588 0
172.5138 0
168.0079 1
175.7004 1
145.9735 0
154.6424 0
162.3047 1
163.0434 1
167.4176 0
151.7629 0
170.084 1
171.7343 1
162.1194 0
157.3843 0
158.1944 0
150.3699 0
163.588 1
171.4542 1
158.0406 1
154.0268 0
176.8244 1
173.7811 1
176.0429 1
170.011 0
183.7775 1
162.521 1
149.0561 0
179.6348 1
167.6693 1
163.362 0
153.9509 0
167.8608 1
162.3447 0
160.934 0
156.1769 0
156.002 0
161.6807 0
168.7765 1
166.024 1
178.5894 1
172.0686 1
151.6459 1
155.2674 0
171.6426 1
168.4401 1
180.9223 1
156.9043 0
169.856 1
178.5367 1
158.1565 0
163.376 0
153.0075 0
157.2851 1
155.8159 0
156.1912 0
160.1495 0
159.8811 0
149.6016 0
156.8243 0
159.1953 0
148.1922 0
155.1933 0
163.8149 0
170.7662 1
158.5317 0
170.821 1
158.4789 0
182.374 1
144.6165 0
183.3207 1
156.2291 0
162.5045 0
163.328 0
173.6187 1
166.5832 1
168.8716 1
155.2839 0
166.4676 1
158.1531 0
149.3941 0
182.0093 1
154.988 0
162.1004 0
155.7662 0
158.5777 0
179.7445 1
157.6624 0
155.351 0
156.5136 0
173.8151 1
176.4294 1
144.5386 0
153.044 0
160.7847 1
157.0956 0
170.2623 0
169.8535 0
175.7929 1
176.3064 1
159.1537 0
155.1277 0
149.8609 0
181.7992 1
146.7283 0
152.0469 0
163.9963 1
163.1111 1
156.5498 1
165.595 0
155.8832 0
165.1923 0
175.4646 1
184.5416 1
164.8188 1
163.3833 1
165.7741 0
167.2213 0
174.8487 1
148.1762 0
167.221 1
178.484 1
177.7078 1
156.1401 0
177.84 1
172.0077 1
155.4505 0
171.0187 0
151.1481 0
172.7867 1
173.0047 1
168.1368 0
144.0341 0
154.2124 0
174.0139 1
150.683 0
159.667 0
165.4137 1
172.8189 1
157.1731 0
153.7009 0
158.2205 0
164.2071 1
167.4711 1
171.6125 1
167.3427 1
176.7846 1
158.7966 0
164.5463 0
160.1878 1
168.236 1
165.6469 0
165.7088 0
154.2688 0
169.5396 1
164.8992 1
158.7466 0
158.5088 0
150.4931 0
170.186 1
173.208 1
152.7749 0
165.2745 0
159.686 1
165.4302 0
149.6554 0
147.6111 0
155.2472 0
165.4729 0
182.1564 1
168.6224 1
165.229 1
170.8086 1
160.6528 0
142.6051 0
167.9656 1
168.6673 1
176.7758 1
152.1984 0
165.285 0
138.0665 0
166.681 1
140.6181 0
149.1527 0
151.5517 0
158.5805 0
154.1683 0
172.8994 1
153.1945 0
178.6727 1
168.8134 0
172.7359 1
178.0205 1
156.8913 0
151.5621 0
162.5768 1
164.8236 0
170.9337 0
158.8077 0
171.9112 1
162.685 0
163.5452 0
172.852 1
170.066 1
173.1433 1
182.128 1
157.8665 0
173.7948 1
166.4886 1
178.7137 1
175.5453 1
148.9632 0
162.4077 0
165.2619 0
161.5751 0
159.3656 0
179.0373 1
168.9157 0
183.4092 1
153.9507 0
160.059 1
176.3212 1
155.6576 0
175.2364 1
167.8531 0
155.0231 0
154.0823 0
166.0961 1
161.8936 0
168.227 1
147.8496 0
171.8436 1
167.4451 1
161.0139 0
170.1307 1
149.9388 0
177.3479 1
162.8692 0
167.3587 0
160.2104 0
148.5179 0
160.2158 0
150.1281 0
167.1009 1
157.5485 0
170.9062 1
171.2166 1
165.8152 1
169.6706 1
170.6082 1
149.8217 0
167.041 0
162.4279 0
159.3398 0
171.9363 1
154.3546 0
163.2285 0
151.198 0
167.1602 0
154.95 0
172.4133 1
150.1462 0
153.5612 1
166.8551 0
183.8914 1
164.6726 0
177.8915 1
158.4642 0
174.4126 1
171.5496 1
165.4522 0
156.2191 1
154.8578 0
171.1274 1
161.6314 0
163.1957 0
164.7226 1
178.0514 1
164.5166 0
160.6164 0
158.5863 0
184.2675 1
168.3562 1
164.3505 0
171.5773 0
167.5932 1
173.3938 1
158.2081 0
167.787 0
152.1376 0
160.8479 1
163.9504 0
152.2568 0
164.4037 1
163.7517 0
166.6808 1
160.6481 0
150.3034 0
169.2963 0
155.3297 0
159.7716 1
158.3074 0
173.8161 1
143.8864 0
149.0874 0
143.4242 0
172.966 0
156.6959 0
179.1429 1
169.2778 0
169.5639 1
150.5432 0
174.336 1
157.4466 1
164.6613 1
151.4023 0
175.8874 1
155.0196 0
161.7009 0
172.7748 1
157.0648 0
170.756 1
155.0922 0
167.9731 0
170.0014 0
159.7227 1
169.9519 1
168.9078 1
171.5669 1
151.4367 0
173.1422 1
179.1974 1
159.1452 0
157.1655 0
153.7667 0
162.381 0
155.3562 0
154.0172 0
150.8977 0
158.3125 0
149.7929 0
175.6296 1
156.7239 0
177.5861 1
165.4264 1
153.1273 0
157.002 0
151.5499 0
162.1603 0
164.0094 0
154.7263 0
156.8889 0
177.2481 1
157.3086 0
140.9576 0
145.7477 0
151.3794 0
177.8797 1
165.7447 0
183.1432 1
150.5836 0
162.6036 0
152.0092 0
149.1884 0
149.1598 0
167.4176 1
163.256 0
158.3866 0
153.6513 0
157.1345 0
172.6423 1
173.1402 1
172.8435 1
160.5793 0
155.3164 0
163.5958 0
169.774 0
163.2837 1
166.5143 1
170.1956 1
172.7105 1
177.9851 1
149.3798 0
159.5414 0
175.909 1
161.0622 0
152.2537 0
161.3871 0
171.6306 1
156.6008 0
160.9096 0
148.2191 0
178.547 1
159.7219 1
152.485 0
153.1396 0
176.2152 1
149.8839 0
162.769 0
158.7535 0
162.2788 0
174.0746 1
162.0239 0
161.1286 0
165.9934 1
162.1953 0
172.3484 1
156.6961 0
164.9519 0
166.3447 1
170.281 1
175.4833 1
157.7896 1
179.132 1
165.8102 0
162.8093 1
150.345 0
171.5115 1
172.2696 1
162.8827 0
170.5068 1
158.5312 0
158.0832 0
170.0235 1
158.7059 0
171.9799 1
156.6001 0
162.8524 0
174.094 1
154.8938 0
148.9432 0
152.0055 0
165.3291 1
166.0639 1
144.802 0
149.8081 0
175.6536 1
159.3404 1
170.7755 1
169.0656 1
182.6594 1
156.7008 0
178.0284 0
168.9048 1
153.6771 0
150.2875 0
175.7593 1
163.608 1
154.1195 1
160.3784 0
163.0991 0
153.4314 0
156.4046 0
155.6564 0
162.0998 0
166.042 1
184.5299 1
166.3789 1
167.6216 1
165.8324 1
175.2565 1
152.9727 1
163.5999 0
166.876 1
145.5515 0
173.8318 1
151.6153 0
150.256 0
163.6048 1
167.1939 0
184.6446 1
153.3904 0
160.1693 1
169.7234 0
167.4792 1
155.0748 0
158.3854 0
184.3778 1
159.4861 0
150.0275 0
164.5466 1
160.0386 0
182.7816 1
159.7156 0
149.0736 0
151.3927 0
172.9053 1
168.5053 0
158.2752 1
155.393 0
183.932 1
156.8223 0
159.9982 0
169.7263 1
177.0998 1
152.9918 0
175.4338 1
162.7823 0
178.7788 1
149.2639 0
174.1071 0
160.881 1
157.3048 0
166.7557 0
165.4801 1
164.1927 1
155.819 0
170.0227 1
153.6127 1
179.4413 1
165.8494 1
173.0337 1
155.4504 0
142.1303 0
166.9491 1
180.7081 1
152.11 0
156.8832 0
168.1227 1
165.1661 0
155.9993 1
160.0404 0
153.802 1
147.6309 0
156.5796 0
173.5659 1
162.1217 0
164.5477 1
147.6126 0
166.7994 0
167.8207 1
160.299 1
157.3369 1
149.5027 0
162.7246 1
169.5341 1
171.454 1
165.6508 1
149.753 0
153.4892 0
151.199 0
154.9612 0
153.8787 0
151.8156 0
179.9562 1
149.0071 0
158.8193 0
160.246 0
175.2768 1
163.9139 0
164.5652 1
176.3178 1
150.0184 0
156.5823 1
164.7994 1
150.5585 0
169.9224 1
159.5558 1
149.377 0
165.0188 0
175.3307 1
157.6662 0
194.9326 1
168.6912 1
171.9127 1
168.1997 1
165.3586 1
145.2386 0
154.7145 0
163.3236 1
158.0975 0
172.8519 1
161.0566 0
162.6298 0
175.3746 1
173.6491 1
156.1073 0
154.502 0
158.2353 0
155.0215 0
170.8088 1
176.0168 1
157.0849 1
152.1087 0
153.2152 0
158.1749 1
153.3399 0
187.285 1
159.7073 0
152.4817 0
161.3436 0
160.6517 0
152.506 0
177.5734 1
160.3264 0
153.5314 0
180.8646 1
167.6862 0
171.5261 1
174.115 1
160.0904 0
161.0478 0
170.0239 1
180.2649 1
172.342 1
163.1129 1
155.6112 0
153.5455 0
164.48 0
160.2692 0
179.504 1
159.9274 1
162.4659 1
171.7674 1
174.9714 1
167.7676 0
160.9969 1
158.7028 0
160.7127 1
166.3163 1
165.1369 0
162.3398 0
159.9448 1
157.1774 0
165.6297 0
170.4087 1
159.3979 0
162.0589 1
158.3267 0
170.3075 0
176.3417 0
153.927 1
172.1698 1
163.9321 0
171.4325 1
160.7595 0
154.8299 0
170.9504 1
153.5528 0
150.7041 0
161.3506 0
154.6457 0
180.9433 1
150.2322 0
164.7083 1
162.5284 0
156.0515 0
147.0323 0
164.6719 1
160.0954 0
158.3013 0
169.9786 1
171.3271 1
164.7598 1
159.1433 0
153.4636 0
166.2683 1
157.9247 0
170.0801 1
150.0777 0
157.5337 1
149.9575 0
164.7522 0
150.7227 0
160.8443 0
164.3203 0
155.9724 0
172.0917 1
157.3575 0
166.5418 1
173.0974 1
152.204 0
152.0612 0
154.5931 0
172.9447 1
157.3239 0
164.3908 1
146.6109 0
160.2589 0
172.5911 1
145.488 0
176.2418 1
175.5845 1
178.3888 1
173.2349 1
175.3999 1
152.4243 0
146.4111 0
158.6886 0
166.859 1
159.6665 1
172.1435 1
162.6308 0
155.2031 0
160.5187 0
150.3283 0
147.9258 0
171.4921 1
161.2021 0
151.5537 0
152.8955 0
171.3335 0
154.6713 0
181.4281 1
158.7289 0
154.4933 0
159.2877 0
147.2746 0
175.1987 1
152.7098 0
164.7626 1
165.3963 1
162.5792 1
162.4742 0
187.6907 1
173.0829 1
158.6949 0
169.1843 0
161.7734 0
165.6246 0
153.8872 0
186.2516 1
164.1932 1
161.4625 0
163.6435 1
163.0375 0
175.2418 1
162.3802 0
175.0652 1
164.7301 1
159.5368 0
162.3093 0
165.469 0
149.4019 0
158.0572 1
156.0409 0
177.0271 1
161.8088 1
138.9124 0
148.7804 0
167.3156 1
177.0889 1
165.41 0
147.0726 0
158.6275 0
164.6393 0
173.2735 1
146.913 0
158.756 0
166.0763 0
176.948 1
155.2641 0
157.5346 0
166.3308 1
157.8919 0
138.6236 0
151.6301 0
148.7499 0
160.2782 0
152.795 0
172.6562 1
159.2354 0
167.2227 1
179.125 1
156.6228 0
153.0161 0
164.3214 0
147.7036 0
157.1521 1
156.5562 0
147.1982 0
164.2347 0
166.3911 1
147.4042 0
164.8691 1
164.8424 0
169.6174 1
170.395 1
170.3758 1
158.4601 0
153.6098 0
175.1708 1
154.4893 0
151.3659 0
169.8966 1
160.2418 0
167.9862 1
167.072 0
179.9882 1
170.2721 1
152.5063 0
155.3178 0
167.1553 1
169.4556 1
156.9604 0
164.1967 1
158.6686 0
176.5407 1
169.0628 1
159.1752 0
167.3346 1
168.0358 1
158.564 0
160.4383 0
155.046 0
177.6714 1
167.8095 1
169.4741 1
173.1412 1
163.4095 0
153.6662 0
147.4387 0
152.4937 0
176.4472 1
157.3688 0
162.8662 0
156.1957 0
186.3095 1
145.4305 0
175.4914 0
158.6712 0
175.3601 1
156.6836 0
168.7991 1
160.5432 0
159.8486 1
159.9439 0
174.5451 1
151.4314 0
158.8682 0
124.8951 0
160.8834 1
165.206 1
159.6356 0
162.059 0
154.4365 0
164.0899 0
159.5404 0
155.4934 0
180.3646 1
172.8106 1
160.7958 0
162.656 1
171.4521 1
154.3521 0
156.8976 0
172.4838 1
163.8872 0
152.3569 0
168.761 1
163.1492 1
166.7398 1
191.569 1
168.6508 1
157.5637 0
172.1118 1
171.4391 1
159.544 0
176.1197 1
170.5399 1
158.5643 1
162.311 1
158.487 0
180.9828 1
173.4993 1
174.6633 1
166.7137 0
170.223 0
152.7937 0
154.2481 0
182.6277 1
150.8969 0
157.9726 0
166.5132 1
155.0046 0
153.4316 0
158.2814 0
156.3139 1
167.3334 1
171.6371 1
156.3068 0
158.8888 0
149.8365 0
153.8674 0
183.596 1
140.747 0
177.8929 1
163.439 1
150.1201 0
181.5516 1
154.9462 0
156.9282 0
176.2087 1
160.0671 0
155.8559 0
166.0389 0
165.9758 0
172.0455 1
152.837 0
168.0817 1
149.2897 0
166.3504 1
160.3782 0
171.1324 0
165.5312 0
173.3058 1
174.3594 1
175.3797 1
156.4729 0
155.5972 0
163.2759 1
156.5246 0
167.2518 1
157.2928 0
164.0566 1
148.0553 0
161.4111 1
180.0918 1
170.2487 1
156.1466 1
161.3581 0
165.0119 0
171.1355 1
164.3154 0
169.9633 0
165.4718 1
167.9009 1
150.9321 0
169.028 0
147.5536 0
155.7563 0
170.4627 1
175.1859 1
154.3082 0
166.3121 1
159.9096 0
162.3402 0
171.1819 1
171.4469 1
159.2773 0
182.8347 1
173.148 1
166.8117 1
150.5366 0
160.3352 0
165.3677 1
165.0384 0
157.9502 0
179.2397 1
178.067 1
158.2176 0
174.3 1
160.1267 0
154.7594 0
162.375 0
152.7035 0
157.41 0
155.8026 0
154.9026 0
157.4827 0
187.3424 1
164.5994 1
167.4554 0
165.7524 0
157.4338 0
168.4419 1
152.6216 0
170.8425 1
168.9489 0
146.3816 0
170.8911 1
166.567 0
166.0639 1
154.6052 0
176.4464 1
175.5405 1
165.1605 1
168.2686 0
171.1079 0
163.776 0
178.3772 1
171.9326 1
161.4126 0
152.4389 0
155.7066 0
174.8576 1
174.6136 1
174.5805 1
156.7986 0
169.5664 1
163.6188 1
170.9237 1
161.6863 0
162.3215 0
134.5773 0
163.9158 1
154.0304 0
169.5915 1
135.232 0
167.9968 0
168.4643 1
159.4831 0
152.5175 0
173.9826 1
156.473 0
147.0629 0
173.9345 1
162.9756 1
159.9389 0
148.6219 0
178.4794 1
149.8526 0
164.8969 1
150.339 0
176.6007 1
154.8834 0
150.8786 0
171.4384 1
154.6557 0
172.7959 1
164.015 0
157.595 0
174.3733 1
154.5036 0
179.5003 1
172.416 0
158.2045 0
162.6518 0
152.9508 0
160.8732 0
169.9147 1
152.6865 0
181.5543 1
155.142 0
172.0278 0
158.3134 0
168.7574 1
154.3717 0
151.112 0
163.6746 0
159.7286 0
150.2183 0
165.4698 0
153.0786 1
154.6487 0
164.4854 1
169.943 1
169.9717 1
159.9885 0
165.6103 1
167.5989 1
168.9349 1
163.9651 1
157.2534 0
165.3175 0
168.2877 1
163.4596 0
148.6829 0
168.4185 1
175.0188 1
170.7214 0
159.8514 0
169.5276 1
163.7608 0
152.3293 0
162.6361 0
153.3583 0
165.5732 1
177.6809 1
161.9733 1
161.5032 0
150.9347 0
173.3955 1
165.1466 1
176.2942 1
162.5392 0
165.1262 0
160.6252 0
172.9163 1
168.8447 0
165.7885 0
167.0928 1
159.6568 0
150.7871 0
159.4775 0
167.0516 1
161.7914 1
160.1386 0
175.8645 1
180.4141 1
163.9538 0
157.7053 0
168.5186 0
174.0983 1
170.9012 0
178.279 1
176.3505 1
176.8094 1
158.1324 0
165.963 1
153.2961 0
161.1486 0
153.6961 0
169.2274 0
173.1829 1
150.8346 0
174.8356 1
175.3618 1
169.9628 0
172.2386 1
152.1636 0
168.1392 1
168.2026 1
168.9629 1
170.2814 1
173.6788 1
160.0853 0
152.9561 0
156.9802 0
161.3898 0
167.8055 1
171.1915 1
161.0972 0
168.7073 0
169.9031 0
175.6495 1
160.7166 0
154.4353 0
165.9243 0
178.6714 1
151.3014 0
175.4229 1
153.3271 0
176.2748 1
158.7344 0
150.0325 0
157.9565 0
184.422 1
149.2358 0
171.6287 1
174.7859 1
161.8574 0
174.9549 1
163.1757 0
166.26 0
158.6172 0
168.648 0
175.2094 1
167.426 0
169.5671 1
156.3235 0
157.4846 0
154.4969 0
158.8598 0
174.4249 1
175.572 1
160.8604 0
162.0214 0
161.5269 0
174.4405 1
157.7828 0
159.6826 0
152.7654 0
165.8282 0
159.1373 0
155.5297 0
178.9259 1
160.0862 0
151.9369 0
147.8831 0
155.339 1
159.0461 1
138.6397 0
173.2342 1
155.9136 0
168.9826 0
162.473 0
170.8988 1
153.7415 0
147.0657 0
168.0743 0
172.7619 1
157.8899 0
159.2043 1
163.6606 1
160.5465 0
161.2305 0
179.1917 1
164.9599 0
153.926 0
165.9597 0
165.2237 1
150.4863 0
169.0624 1
167.5798 1
158.4674 0
168.4679 0
157.223 0
156.6753 0
149.2091 0
162.5451 0
165.2255 1
166.4126 1
170.4218 1
147.0146 0
172.9954 1
153.6223 0
156.9077 0
172.8199 1
155.7977 0
162.7657 0
147.3846 0
182.6218 1
175.6175 1
150.9057 0
164.834 0
163.8947 0
150.4318 0
178.3622 1
167.5483 1
160.5931 1
162.0961 1
178.3786 1
160.2009 0
173.6809 1
148.6348 0
162.1548 1
161.3594 0
172.1733 1
158.5991 0
158.2708 0
147.3197 0
166.3685 0
150.1072 0
146.8852 0
157.8412 0
153.1058 0
160.9528 0
177.5987 1
160.6344 0
173.6129 1
177.2597 0
168.0342 1
170.2781 1
152.8865 0
178.8381 1
145.3428 0
185.669 1
177.7986 1
175.8507 1
152.4049 0
171.5881 1
166.525 0
142.4625 0
165.1622 0
162.3591 0
162.9509 0
172.2181 1
165.5295 1
164.1328 0
158.8398 0
160.1994 1
162.1564 0
128.0204 0
176.1475 1
150.6693 0
149.8129 0
158.4437 0
168.0829 1
172.1754 1
172.1917 1
154.8258 0
154.6738 0
155.1961 0
163.0577 1
151.07 0
160.5182 0
161.5637 0
164.5485 1
158.8487 0
161.465 0
178.0641 0
158.9951 0
159.5916 0
171.195 1
172.6466 0
176.103 1
159.8003 1
153.6988 0
155.2652 0
158.119 0
167.1254 1
166.7036 1
162.833 0
151.1886 0
143.9462 0
156.5309 0
162.7348 1
161.1005 0
179.2728 1
175.3114 1
158.7229 0
172.0841 1
156.4262 0
157.5202 0
182.6008 1
152.7719 0
165.9479 0
165.4936 0
162.7713 0
155.2974 0
167.2314 0
169.3862 1
150.6992 0
150.7208 0
160.0779 1
179.2519 1
148.3535 0
175.1732 1
166.3334 1
165.5327 0
165.409 0
162.4058 0
157.798 0
177.0625 1
168.5068 0
161.2716 1
159.683 1
159.7592 0
160.2465 0
159.4485 0
161.6653 1
165.7519 1
169.5064 1
167.7 1
141.5059 0
151.4804 0
154.8218 0
173.3123 1
162.7782 0
157.726 0
168.9449 1
161.4076 0
147.7804 0
150.7384 0
175.8353 1
159.969 0
167.8803 1
155.7548 0
169.4963 1
161.0963 0
158.4689 0
149.5612 0
181.3985 1
152.012 0
160.5551 0
173.1782 1
159.9264 0
158.9377 1
185.6804 1
181.8362 1
155.2925 0
155.5134 0
151.121 0
155.4165 0
161.3628 0
163.9597 0
167.3367 1
155.0994 0
169.0484 1
154.0545 0
148.6049 0
151.149 0
157.1708 0
155.8352 1
157.0222 0
171.8534 1
173.8451 1
167.0812 1
158.5604 0
146.3843 0
157.9874 0
169.1823 1
161.9922 0
154.5856 0
159.5439 1
159.2627 0
160.1297 0
151.9124 0
165.9453 0
176.1793 1
168.4475 1
148.9803 0
164.2854 1
168.5298 1
158.4069 0
170.4923 1
151.9506 0
168.5032 1
163.6354 1
171.5951 1
163.4695 1
165.3375 1
150.692 0
166.3705 1
162.3472 0
154.6439 0
152.471 0
169.3699 0
147.5099 0
167.66 1
162.2206 1
170.8811 1
178.8434 1
182.4774 1
171.4326 1
156.7171 0
165.2146 1
156.9777 0
159.7481 1
176.2281 1
147.6579 0
170.7187 1
172.8915 1
166.4885 1
149.5851 0
147.7753 0
174.776 1
164.5099 0
154.9244 0
158.1006 0
166.4968 1
175.5292 1
170.7073 1
152.6867 0
156.8288 0
156.3597 0
154.9131 0
163.5825 0
157.1801 0
170.828 1
170.2149 1
158.1975 1
173.1251 1
168.3721 1
163.6584 0
174.8731 1
158.9785 0
153.0882 0
173.2202 1
171.8834 0
160.032 1
166.5951 1
173.5998 1
174.7599 1
153.4429 0
173.4046 1
155.4251 0
165.2072 0
168.3092 1
169.8651 1
182.9213 1
166.6672 0
156.9797 1
157.9361 0
183.5292 1
157.8664 0
169.507 1
152.4638 0
161.2383 0
142.8761 0
151.4269 0
158.0096 0
170.8948 1
155.5296 0
170.0258 1
152.6528 0
163.9012 1
177.249 1
177.1278 1
164.6573 0
155.778 0
166.1187 1
174.5565 1
161.9578 0
162.7686 1
189.7879 1
184.2247 1
168.4375 1
157.6432 0
168.9247 1
153.747 0
175.7691 1
167.4842 1
155.8312 0
149.5894 0
153.6099 0
152.5244 0
158.7836 0
151.3663 0
152.8486 0
161.9422 0
164.6005 1
190.7489 1
176.758 1
172.3755 1
162.7284 0
164.6455 0
176.2469 1
182.3407 1
170.5764 1
155.3906 0
182.3396 1
152.2216 0
168.5366 0
162.4816 0
164.6799 0
161.826 0
169.9649 1
169.9664 0
158.0571 0
174.5509 1
168.0289 0
147.2448 0
164.7168 1
174.7184 1
183.8582 1
164.2342 1
157.0907 0
146.9976 0
176.0004 1
178.0095 1
158.8217 0
160.8144 0
159.6133 0
160.665 1
165.279 1
154.1943 0
165.7666 0
182.0268 1
158.3724 0
192.0734 1
163.7252 1
161.5117 0
156.1966 0
159.6272 0
176.9697 1
164.4565 1
163.5376 0
167.7102 1
158.6035 0
167.5885 0
176.5098 1
181.1893 1
165.416 1
162.3585 0
175.3548 1
156.1514 1
154.696 1
157.8183 0
161.0188 0
155.6253 0
168.7683 0
170.499 0
166.207 1
164.675 0
158.9744 0
161.3192 1
177.2208 1
166.6677 1
155.4634 0
158.2543 0
160.321 0
163.7674 1
165.9815 1
145.0248 0
164.2893 1
189.7261 1
187.7586 1
158.1425 0
176.9579 1
172.4058 1
155.7418 0
153.4949 0
158.7335 1
164.6207 0
168.2909 0
174.6509 1
181.8655 1
164.1398 1
149.4248 0
158.4406 0
159.1634 0
156.9722 0
170.4769 0
179.6631 1
161.4343 0
168.7242 1
162.6823 0
166.8911 1
178.8736 1
170.6499 1
162.2589 0
168.0615 1
155.7292 0
151.9886 0
165.8824 0
152.6069 0
174.8315 1
172.7097 1
143.9473 0
157.7383 0
172.1595 1
159.3996 0
154.0456 0
167.8895 0
162.7825 1
162.9763 1
153.5858 0
152.8225 0
160.1564 0
188.655 1
180.9501 1
163.8591 1
180.4175 1
169.1755 1
160.9525 0
173.7141 1
152.4788 0
164.4952 0
155.4035 0
160.4542 0
159.7231 0
190.401 1
158.0902 0
168.9605 1
161.5566 0
170.8663 0
182.0777 1
181.6827 1
164.7425 0
165.2208 1
162.8453 0
177.4625 1
154.2754 0
181.4716 1
150.9766 0
165.4715 1
169.7436 1
159.9652 1
168.5286 0
164.5649 0
182.5777 1
175.1639 0
192.3793 1
166.5059 0
172.1148 1
158.897 0
150.1357 0
172.1948 1
157.7808 0
171.7455 0
165.4051 1
173.4492 0
172.41 1
190.2279 1
163.0835 0
174.6604 1
153.6944 0
164.8214 1
160.9048 0
169.851 1
176.8412 1
146.6644 0
168.958 1
173.0347 1
156.3696 0
165.2273 0
165.4482 0
159.8165 0
170.29 1
155.1221 1
149.5882 0
173.3635 1
165.7764 0
165.901 0
164.8004 0
167.3609 1
165.9866 0
161.6495 1
174.225 1
161.683 0
168.868 1
174.5088 1
143.0247 0
169.3374 1
174.3403 1
192.0206 1
143.78 0
172.7025 1
158.7883 0
155.9786 0
151.8405 0
163.4445 0
157.1592 0
170.0953 0
178.3694 1
165.2235 1
162.6778 1
168.837 1
158.4231 0
164.8657 0
166.7594 1
155.2978 0
152.4189 0
152.3329 0
178.7853 1
158.9811 0
158.9062 1
155.5741 0
164.1239 0
154.429 0
157.5029 0
170.0079 1
173.329 1
156.4504 0
156.7906 1
155.6723 0
159.7495 0
160.4999 0
182.5928 1
149.6357 0
170.1038 0
158.6693 0
159.8888 0
166.4437 1
165.6471 1
141.3734 0
158.3088 0
177.6217 1
171.2101 1
167.3084 0
172.7176 1
178.7638 1
171.9249 1
168.7222 1
167.1425 1
162.0381 0
166.688 1
157.9945 0
154.975 0
169.3017 0
155.0184 0
167.762 1
153.0222 1
165.7086 0
169.4561 1
162.5025 1
178.2211 1
171.935 1
168.9945 0
162.0689 0
160.5883 0
159.7345 0
176.2004 1
157.1627 0
186.052 1
157.5642 0
179.3853 1
158.2684 0
156.8667 0
174.8118 1
176.519 1
161.5432 1
153.0976 0
162.5104 1
181.5193 1
160.3532 0
166.8119 0
157.3358 0
159.3489 0
166.534 0
172.9962 1
148.2248 0
152.2551 0
169.5806 1
171.7306 1
178.3044 1
153.45 0
163.0663 0
168.7718 1
160.0687 0
167.3155 1
165.9849 0
168.915 1
158.1237 0
163.3017 1
172.4536 1
169.834 1
165.9763 0
157.9852 0
170.4682 1
162.9901 0
152.6864 0
170.1675 0
175.1128 1
